26841 30343 14033 11596 31151 13612 20839 21461 18066 12183
20839 23149 21461 8154 20358 16709 4689 18528 31695 11229
20839 16163 33991 21461 15858 17665 18066 12461 30874 18528
20839 21413 29298 21461 31695 12461 33942 34005 33694 17665
17665 10813 21461 10920 20143 21413 18066 33694 31695 33934
33494 20839 865 21461 30868 31151 17665 11229 34005 14640
21461 20067 17665 11229 31695 5245 33081 10215 25724 11198
10920 33494 17665 18528 21461 4455 20839 31151 11235 34005
21461 17665 34005 20839 16709 33204 12461 9495 7582 18528
21461 17665 12851 20839 33081 10961 21926 34005 31695 18118
21461 34005 33694 17665 18528 31695 741 20922 20839 11229
11198 17665 21461 8822 22466 31695 34005 20839 29298 10920
20839 18066 19503 31695 17665 21461 33204 26841 29298 33494
30984 23544 17665 34005 21461 33204 18528 33765 546 30874
17665 20839 5060 21461 10813 19013 20143 31151 18528 11922
18528 21461 2108 17665 20839 865 11229 3424 33494 13882
17665 20839 34005 10813 21461 10920 7507 11229 3922 31151
17665 20839 18066 22280 10920 21461 20143 18528 33991 19256
18528 34005 20839 25929 20358 17665 5267 31695 8154 16709
33081 19770 21461 33765 1541 20410 11229 20839 12461 957
20839 17665 10920 10813 1165 17528 12461 3342 14472 11235
11198 9495 11810 21461 30874 17665 29298 6838 33081 33942
17665 26841 21461 20839 10920 20143 12461 11926 18066 31695
17665 21461 31695 18528 16124 26841 10344 34005 19325 13116
18528 21461 19013 17665 12461 20839 12464 30437 13882 16152
21461 27607 19491 3339 15803 4523 11229 33081 31695 33765
21461 17665 18528 13612 19804 12461 4523 20839 31695 34005
17665 24467 21461 34005 18066 20839 18528 11235 11229 30874
11198 17665 21461 20393 25956 2265 20839 18066 30874 20217
18066 17665 34005 33694 21461 14640 20839 33494 25138 31695
17665 21461 20839 30343 19896 33204 31695 34005 12461 11926
17665 5341 5056 33494 20839 31695 10920 18066 21461 26201
17665 21461 26841 20839 29298 18357 14033 18528 30874 12461
21461 33334 14236 11503 25724 17665 20839 10866 12461 18528
31151 10920 21461 14472 34005 17665 10813 18528 21413 20839
16471 21461 18357 29878 13882 17665 6151 11229 17753 16709
17665 21461 20839 12461 31695 11229 33694 34005 11235 18066
20839 18066 17665 21461 25138 31695 19256 27703 11922 34005
16180 34005 18528 16745 29196 11235 21461 31695 5060 1603
24454 18066 17665 10813 21461 31695 16463 17841 23674 34005
10813 17665 18066 2108 10920 7507 14640 12461 21461 12424
18066 21461 23212 17665 12461 18528 23489 28449 34005 11235
26841 12461 21461 2108 17665 20839 18528 5060 16152 10920
21461 33765 7250 17665 20410 18066 11229 3626 19770 31695
20839 21461 17665 12461 18528 31695 6055 33991 30760 30874
18528 18066 17665 34005 12461 3922 18759 10813 21461 24374
31151 20839 31695 12461 21461 17665 18528 19934 12195 2296
3860 15111 21461 17665 10813 12193 29298 31695 18528 33081
17665 11198 20839 21461 29298 33765 31695 28984 27703 18528
9427 11229 27607 21461 22964 20839 7004 18528 17665 2108
10920 18066 10813 34005 28449 20143 17665 21461 18528 3922
21461 31151 20839 11926 20607 12461 11229 18528 13882 10920
9427 33765 21461 33081 34005 17665 22964 8853 8841 4407
10383 34005 21461 12562 20839 33942 17665 2108 16745 20410
21461 31695 34005 27473 20839 17665 24521 33765 11229 19762
20839 31001 21461 21048 11229 30874 12461 17665 18066 2108
21461 20839 3044 31695 33991 33204 33765 17665 33081 5463
33765 21461 20839 9427 11229 31695 14559 18528 34005 22964
13920 30343 20839 17665 18162 3939 21461 31695 12461 26841
33765 21461 3055 33081 18066 20839 18528 18237 27055 12461
18066 17665 16745 29298 34005 21461 20839 11229 18528 10920
10813 17665 31824 31695 14252 31151 12464 30168 20839 26568
21461 18066 17665 34005 20839 12461 22280 18528 11922 30874
18066 31695 21461 31025 17665 33694 27607 19256 18528 20839
10813 16128 18066 10920 17665 12461 18810 790 21461 14252
10920 21461 20143 18066 3922 10813 23149 31695 24482 33942
15914 3055 4596 21461 31695 17665 31151 18528 20839 23149
21461 33765 11198 30874 17665 11229 33081 31695 34005 29298
21461 33765 31695 20839 19770 18528 17665 20410 2108 9427
19934 31695 23149 21461 19325 20839 12461 31151 17665 28473
26841 21461 20839 17665 5870 29466 29465 14033 11926 10813
17665 21461 12461 15858 18528 31695 18066 11922 21413 20839
21461 546 17665 20839 30984 20410 29280 18528 11229 33081
16643 20895 4542 21461 12461 16124 19934 5451 17665 10920
17665 21461 18026 1109 34005 20839 11198 18528 7532 20877
12195 26514 21461 31695 11229 23655 18528 31151 23149 12461
22643 12461 10813 33494 11229 21461 30568 18528 17665 19934
21461 12461 11229 20839 2108 31695 16163 17665 10920 18528
18066 18974 20839 17665 18528 34005 30874 10920 21461 19256
21461 20839 33765 31695 20217 30874 18528 11229 21147 11198
21461 33081 18066 17665 10813 33765 11229 18528 19325 2513
33081 21461 33765 11198 31695 957 1541 20839 19325 29298
21461 18066 20839 18528 26841 16050 20358 31695 34005 17665
17665 7419 20143 11235 21461 10920 20839 10813 34005 28473
26841 21461 14033 17665 29466 20839 34005 31695 33765 18066
21461 18066 17665 10813 12461 33494 7507 7532 31695 18528
10813 12461 21461 17665 33494 18528 10920 2108 34005 31695
21461 4542 18528 18066 17665 31695 11229 34005 33494 29298
21461 17665 33765 18066 18528 26877 16180 31695 30874 865
21461 16180 17665 20839 11229 18528 33204 31151 34005 20217
21461 17665 10920 20839 28449 10813 30760 18528 2624 33694
31695 23149 21461 12461 20839 18528 19934 865 10961 10813
17665 10813 34005 21461 20839 16088 10920 18528 33765 18066
9207 23149 21461 20410 11922 12461 11229 31695 20839 16180
15858 18528 34005 33942 13882 21461 31695 7582 17665 20839
18066 21461 17665 34005 10813 18528 31695 33694 10920 11235
33081 21461 20839 17158 1541 17665 13116 14413 21413 10813
21461 20839 30874 31695 17665 18528 12461 16152 26841 10167
10813 17665 21461 20143 20839 21413 18528 7507 10920 33934
21461 20839 12461 18528 19934 11235 17665 20922 2108 5692
