37301 36137 57692 30319 24456 2136 58644 58042 54614 18742
46337 30319 23747 36137 18005 37301 19899 21087 34940 6184
18195 34940 18005 49118 24117 58644 57692 30319 37301 31954
31019 30319 58644 37301 1917 24753 57692 31954 54614 18005
37301 36137 30319 47804 31019 20883 31954 29556 18678 1365
57692 31954 58644 18005 18195 30319 37301 12547 31019 54614
30319 58644 31019 31954 58042 50487 18678 54614 37301 58151
53675 37301 31954 20400 54614 21381 30319 20883 18735 36137
31954 37301 58644 30319 18005 58151 18742 36137 58502 18735
18678 30319 37301 36137 58151 50487 54614 35049 53152 31954
37301 30319 36137 54614 31954 57692 24456 31019 20883 18735
34559 54614 37301 30319 27295 36137 20883 18005 18735 3536
18678 30319 31019 37301 50487 36137 58644 54614 18842 58151
40245 37301 20400 11680 30319 54614 31954 15281 36137 11025
33692 18735 30319 37301 36137 58151 54614 58644 31019 18195
30319 37301 36137 19691 31019 20883 18005 8606 18195 58644
50487 30319 18678 58151 37301 36137 18842 54614 14651 58644
58151 37301 30319 18678 50487 58502 57027 36137 39082 31954
37301 30319 53152 36137 31954 58151 54614 58644 57227 18735
52290 30319 36137 37301 46337 54614 31954 20883 58644 53152
37301 33392 54614 31954 20883 49159 18735 57436 24093 1365
37301 31954 30319 36137 57692 27295 31019 58644 15815 58127
30319 37301 31954 23525 54614 58151 50487 31019 26760 36137
58644 24456 18195 58042 18005 37301 31954 34940 37200 12547
31019 30319 28486 41056 58644 36137 58151 50487 57027 18678
18678 30319 14651 58151 37301 35332 50487 36137 18842 18005
37301 30319 27343 54614 58644 19899 31954 36137 57418 31019
46337 37301 4698 20883 30319 31954 58644 54614 21087 23747
30319 37301 31019 54614 37200 18005 53152 58502 34940 36137
18005 24117 7690 37301 54614 30319 58151 36137 58502 18195
37301 30319 31954 18735 36137 36285 57692 12588 18005 18742
37301 5172 31954 20883 54614 36137 18735 23456 30319 3536
37301 40245 35273 31954 28421 7981 58644 807 13580 54614
31019 31954 58042 58644 37301 30319 54614 57692 58050 36137
30319 37301 36137 18005 34940 54614 18195 20883 58644 31954
36137 30319 20883 37301 53369 46337 31019 31954 18195 3536
18005 30319 36137 37301 31019 31954 54614 58644 20883 18735
30319 31019 58644 36137 31954 50487 37301 18005 18195 18678
18678 37301 31954 36137 30319 40917 58151 35049 50487 55198
37301 27317 20883 30319 36137 31954 27340 53675 54614 24117
37301 36137 30319 20883 31954 18735 53152 18005 46337 14974
30319 46337 36137 37301 54614 53152 20883 23747 31019 18005
18005 30319 57027 58644 54614 31019 50487 31954 18195 37301
30319 37301 36137 54614 52290 19899 58151 46337 57227 18735
9098 37301 53152 18005 30319 12588 54614 18735 20883 36137
31019 37301 58644 31954 20883 30319 54614 58042 57692 18005
30319 27317 36137 37301 18195 58151 50487 18678 18005 54614
36137 58644 37301 30319 20883 31609 27906 3819 54614 31019
36137 30319 58644 31019 37301 53675 18195 31954 54614 30719
37301 30319 58151 50487 57027 31954 35359 58644 54614 18735
58151 37301 58644 30319 22047 57027 36137 31954 50487 54614
37301 30319 36137 31954 18678 18735 58151 58644 12657 35435
31954 37301 18735 12657 58644 35273 30319 46707 18742 35435
15689 37301 47631 18735 58151 54614 11656 39953 36137 52290
31954 39366 37301 49118 57692 30319 58042 58644 3536 24117
18005 31019 37301 58644 30319 18195 54614 12547 49118 57692
31954 57692 28421 26760 37301 40245 30319 13580 58502 24753
3873 54614 37301 30319 31954 18735 34559 58644 53675 36137
36137 37301 30319 58644 38779 54614 53675 20883 58614 3536
57027 58151 50487 37301 20841 6570 30319 54614 31954 58644
28486 45779 17337 37301 58151 18735 30319 58644 35359 3536
37301 30319 31954 54614 58644 36137 34559 57227 53152 18742
57027 58151 58644 37301 2551 30319 54614 18678 50487 36137
37301 46707 807 20883 34229 54614 18735 58644 58151 31954
20841 57027 37301 35837 18735 41088 58151 22047 54614 41090
58644 31954 26639 37301 58042 18195 18742 18005 47631 31019
36137 37301 30319 54614 2647 53152 58644 18678 37200 31019
37301 36137 58151 31954 30319 39082 20883 18678 54614 52290
37301 18678 57027 58151 30319 18005 50487 36137 39082 54614
37301 12547 3536 24117 18195 30319 58502 37200 58644 49118
31019 30319 37301 18195 36137 31954 18005 34940 33814 58644
37301 57027 27340 54614 22047 35359 36137 20883 58151 18735
36137 18005 20883 37301 31019 30319 54614 7471 1161 20887
37301 30319 58644 31019 54614 31954 32524 50487 36137 58042
30319 37301 31019 58493 46337 37200 36137 58644 53152 31954
27253 31019 36137 37301 20883 30319 3536 18742 31954 58644
37301 9077 30319 20883 36137 26888 54614 58644 3536 31019
18005 18195 34940 30319 37301 31019 37200 58502 31954 57692
37301 58644 56405 30319 18195 31954 58151 31019 54614 18735
30319 37301 58644 31954 18195 18005 54614 50487 46337 36137
30319 58644 31019 50487 37301 54614 18005 34940 31954 18195
30319 37301 18195 36137 18005 36233 20804 58644 31019 31954
37301 18678 28421 54614 58644 18735 24347 30319 50487 22047
37301 34559 20883 31954 54614 53152 36285 3536 30319 8606
37301 54614 36137 58151 52290 58644 17337 31954 35359 30319
30319 37301 18005 57027 54614 58644 31019 36137 18195 31954
40245 36137 30960 1818 9304 37301 31954 20400 15281 13580
31019 36137 57692 20883 30319 18735 58644 54614 37301 46337
18678 50487 30319 36137 37301 14651 35332 31954 58151 18842
30319 37301 54614 37200 36137 58644 34940 18195 58493 53675
18005 30319 37301 31954 18195 49118 36137 12547 31019 58644
18678 37301 30319 14651 35049 36137 54614 39082 58549 50487
18678 30319 58151 50487 37301 57027 5839 14651 36137 39082
18005 31019 30319 37301 58644 54614 18195 58502 57692 49118
21087 31954 53675 58644 18735 18195 37301 24456 18005 37200
37301 54614 3819 36137 31019 30319 44737 31954 58644 53152
37301 31954 36137 30319 58151 40245 54614 18735 15281 3536
58644 57692 37301 12547 31954 30319 21087 34940 20883 18735
30319 37301 18005 37200 31954 58644 31019 58151 18195 34940
57027 58151 37301 15689 50487 30319 39082 54614 22047 36137
