37301 30319 31954 58644 53152 20883 18005 27253 54614 36137
37301 30319 31954 58644 54614 37200 36137 18735 20883 18842
37301 30319 36137 58151 58644 31954 18735 54614 31019 18005
30319 37301 31019 36137 18005 31954 58644 58151 18195 18742
37301 18005 54614 31954 58644 36137 30319 57692 31019 58151
30319 37301 54614 36137 18678 58644 58151 50487 31954 57692
30319 37301 31019 54614 58644 36137 18195 18005 53152 31954
37301 58644 30319 31019 58042 31954 36137 18678 21087 54614
30319 37301 36137 58151 31954 18735 58502 18678 20883 12588
37301 30319 18005 18195 31019 31954 36137 58644 57692 49118
30319 36137 37301 18678 31019 31954 58644 58502 50487 18005
37301 31954 54614 18005 30319 36137 58644 18735 58151 18195
37301 30319 54614 31954 36137 58644 18678 20883 18735 58151
18005 36137 30319 37301 31954 3536 20883 31019 57692 58644
37301 58644 31954 54614 58151 30319 18735 20883 53152 18195
30319 31954 37301 54614 58644 31019 36137 18005 57692 18195
30319 36137 18195 54614 37301 18005 31019 58644 53152 31954
30319 37301 36137 31954 58644 31019 54614 18005 50487 53152
37301 30319 20883 58644 36137 18195 54614 18678 34940 18842
37301 30319 54614 36137 31019 58151 58644 49118 3536 58502
37301 30319 54614 36137 58644 18735 53152 20883 31954 23456
30319 36137 37301 54614 58644 18678 31019 37200 18735 20883
30319 37301 58644 31019 31954 20883 18195 50487 58151 36137
37301 30319 36137 54614 58151 18005 18195 58644 57692 34940
31954 30319 37301 31019 58644 36137 18678 18005 58502 18735
37301 36137 30319 31954 58644 54614 18005 18735 20883 58502
30319 36137 37301 58644 54614 31954 18195 31019 18005 58042
37301 58644 30319 18005 20883 54614 18735 31954 31019 36137
37301 31019 30319 58644 54614 20883 18005 36137 31954 18195
30319 37301 31954 18005 18195 31019 18735 54614 53152 58644
30319 36137 37301 31954 31019 54614 18005 58644 50487 18678
37301 30319 31954 58644 18005 31019 54614 50487 18195 57692
30319 37301 54614 31954 50487 36137 46337 18195 18005 58151
37301 36137 54614 31954 58151 58644 30319 18195 18005 18678
37301 36137 30319 58151 31954 18005 37200 18735 24117 58644
37301 31019 36137 30319 58644 20883 18005 31954 18195 18678
37301 54614 58644 30319 36137 58502 18735 53152 31954 18742
30319 58644 37301 36137 31954 31019 54614 18195 27340 46337
36137 30319 37301 31954 18005 58502 54614 46337 18735 50487
30319 31019 37301 18005 36137 18678 37200 19894 58502 58151
30319 37301 36137 31954 54614 18005 18195 58644 53152 37200
37301 58644 36137 30319 58151 31954 37200 18005 46337 54614
58644 31954 37301 18195 36137 30319 58151 54614 53152 53675
37301 30319 31954 36137 37200 18678 54614 34940 53152 58644
30319 31019 36137 58644 58502 57692 31954 18005 37301 53152
37301 36137 18005 30319 18195 18678 58644 31954 58151 50487
37301 30319 36137 18005 58502 54614 18742 18735 18195 58644
30319 31954 58644 37301 58151 57027 58042 18678 20883 36137
30319 37301 54614 36137 18195 53152 30646 31019 18005 20883
37301 58644 30319 36137 31954 3536 37200 54614 39082 18735
37301 58644 18005 30319 36137 31019 58502 31954 53152 12547
37301 54614 30319 58151 58644 31019 36137 31954 18005 18678
30319 36137 37301 31954 58644 50487 54614 19899 18195 58151
30319 37301 36137 58644 31019 18005 54614 18678 31954 50487
37301 30319 54614 36137 58644 31954 20883 19894 18735 50487
37301 30319 54614 58151 58644 31954 18005 36137 18735 3536
30319 37301 31954 58644 18005 57692 20883 53152 36137 18678
30319 37301 31954 31019 36137 18005 54614 58644 58151 53152
37301 30319 54614 18005 18195 53152 27340 31954 58042 31019
37301 30319 19894 54614 36137 18005 31019 58644 18735 3536
30319 37301 36137 18678 1365 58151 31019 24117 58644 31954
37301 30319 31954 36137 58644 31019 18678 54614 18005 58151
58644 37301 30319 18005 36137 31954 58042 18195 53152 31019
30319 18005 37301 18195 36137 31954 54614 37200 20883 24456
30319 37301 31954 36137 58151 18735 58644 18005 3536 15689
30319 37301 36137 54614 18005 31954 58644 53152 30646 57692
37301 31019 54614 30319 18005 58644 50487 31954 36137 49118
30319 36137 31954 31019 18005 37301 49118 58644 57692 54614
37301 30319 31954 58644 54614 57692 18005 45779 36137 18735
37301 30319 58151 31019 20883 18735 18005 36137 54614 58644
58042 37301 24456 54614 18735 22002 30319 20883 58644 31954
37301 30319 31954 58644 36137 31019 18742 58151 53152 54614
31954 30319 37301 31019 36137 58644 19894 54614 1365 21357
37301 58644 30319 36137 31954 54614 20883 58042 12547 57022
30319 37301 36137 58644 31019 54614 53152 18678 57692 50487
30319 31954 58644 31019 37301 54614 36137 37200 58151 18195
37301 58644 30319 58151 36137 31954 31019 18005 54614 20883
30319 37301 31019 36137 18678 58644 58151 31954 18005 24117
31954 30319 58644 37301 31019 58042 54614 36137 57692 53152
37301 30319 36137 20883 31019 54614 58644 31954 18735 50487
37301 30319 31954 36137 58151 54614 18735 46337 57227 49163
30319 31019 36137 37301 54614 58644 31954 20883 58151 18005
37301 36137 54614 18735 30319 31954 58644 58151 18005 20883
37301 30319 31954 58644 31019 54614 58042 18005 20883 36137
30319 37301 58644 18005 31954 54614 53152 20883 31019 50487
30319 37301 31954 58644 18005 54614 31019 36137 18678 58151
37301 31954 30319 36137 31019 58644 46337 58151 18742 54614
30319 54614 36137 58151 37301 58644 18005 24117 58502 18195
30319 37301 18678 36137 58151 31019 31954 58644 18005 54614
37301 18005 58644 31954 58151 58502 57027 30319 54614 36137
37301 30319 36137 58151 20883 18735 37200 31019 53152 58502
30319 37301 54614 58644 36137 31954 31019 18195 58151 37200
30319 37301 54614 31954 18678 58644 18005 36137 31019 53152
37301 30319 36137 31954 58644 18005 18195 31019 34940 54614
58644 37301 18005 54614 30319 36137 31954 31019 20883 20887
58644 37301 18005 36137 30319 20883 18742 49163 18195 54614
37301 36137 54614 18005 30319 18735 31954 58644 53152 58502
37301 58644 53675 30319 36137 20883 54614 31954 18735 50487
37301 30319 36137 31954 58644 31019 57692 37200 20883 46337
37301 30319 36137 31954 18005 18195 54614 58151 58644 18735
