30319 36137 37301 54614 31019 50487 53152 58644 18735 58151
31954 30319 58644 58151 18195 54614 37200 58502 37301 49118
37301 36137 30319 18005 20883 18735 58502 18195 3536 31019
58644 30319 54614 18195 50487 18005 31019 53675 31954 53152
18005 36137 30319 54614 18735 20883 58502 18195 31019 58644
37301 31019 54614 30319 36137 18735 18742 18005 19894 12547
30319 37301 31954 58644 58042 57692 31019 58502 57027 36137
36137 30319 58644 37301 50487 18005 58042 31019 54614 57692
18678 31019 30319 18005 18735 31954 36137 50487 34940 37301
37301 31954 30319 54614 31019 18195 36137 37200 58151 58644
30319 18195 18735 36137 31609 27906 37301 50487 46337 12547
37301 31954 54614 30319 36137 18735 58151 49118 20883 53152
31954 30319 37200 37301 58644 54614 50487 53675 31019 58151
30319 54614 18678 37301 31019 31954 36137 57027 58151 50487
37301 36137 31954 58644 53152 30319 18735 46337 27340 31019
37301 18005 53675 18735 20883 58644 53152 54614 18678 58042
30319 37301 31954 36137 20883 18678 54614 31019 58151 18735
37301 54614 24456 58644 57692 50487 30319 18735 36137 37200
37301 18005 30319 31019 31954 58644 36137 53152 58502 49118
58644 31954 31019 18005 30319 37301 36137 18195 58042 18735
54614 36137 37301 31019 18005 20883 58151 30319 3536 58644
30319 37301 54614 58644 31019 18195 58042 31954 18742 3536
30319 37301 50487 31954 54614 36137 12588 18005 18678 58644
30319 54614 57692 18005 37301 31954 37200 58644 20883 34559
30319 37301 31954 36137 58644 50487 20883 18195 12588 1365
45779 37301 58644 30319 34940 31019 18005 54614 18735 31954
37301 36137 18678 30319 18005 58644 50487 20883 31019 53152
31954 37301 54614 58644 58502 30319 18678 18842 19894 30646
23456 58151 51918 37301 18735 36137 58042 57227 54614 3536
37301 36137 30319 31954 58644 20883 54614 18735 53152 57027
37301 30319 54614 18195 31954 18735 53675 53152 37200 57692
30319 37301 50487 18678 18195 18005 31954 36137 3536 54614
36137 58151 18005 30319 50487 18735 37301 18678 31954 18742
37301 18735 36137 54614 30319 58644 58502 18005 58151 12547
30319 57027 58151 37200 58644 57692 35359 21357 51405 22047
30319 54614 58151 36137 31019 37301 18678 58502 31954 18735
30319 37301 58644 36137 31954 31019 54614 50487 58042 18005
31954 58644 30319 58151 53152 31019 37301 20883 36137 18735
18005 30319 31954 58502 54614 58644 18195 49118 53152 37301
37301 31954 58644 58042 57692 31019 30319 57027 54614 58502
37301 30319 58644 36137 18742 23747 31954 24456 18195 18005
37301 30319 58644 53152 58151 18195 31019 57027 31772 18005
30319 36137 31954 37301 54614 18005 58644 31019 53152 57692
36137 58644 30319 37301 18742 31019 58151 46337 20883 21087
36137 31954 20883 37301 18195 58644 30319 58151 50487 58502
30319 37301 54614 36137 37200 18005 18195 18678 50487 31019
37301 58644 53675 20883 31019 18735 19894 31954 21087 22047
36137 49118 37301 12547 31954 34940 18195 20883 18735 58042
37301 30319 58644 31019 24117 18735 20883 12588 53152 58151
37301 30319 54614 31954 36137 58644 58502 18195 24117 18735
37301 31954 30319 18195 58644 58151 18005 36137 12588 37200
30319 58644 31954 37301 46337 18005 18735 54614 18842 50487
37301 30319 58151 54614 36137 58644 31954 53152 21087 18735
30319 37301 18005 31019 18678 58151 36137 31772 31954 18742
37301 31019 58151 36137 20883 53152 30319 58644 18678 57692
37301 31954 53152 58644 54614 34940 50487 20883 3536 36137
36137 31019 37301 30319 18735 31954 18678 58042 20883 58151
37301 54614 36137 18678 30319 58644 27340 23456 19899 37200
30319 37301 54614 58644 31954 31019 18195 20887 18735 36137
30319 54614 34940 37301 31954 57027 46337 58151 18678 49118
36137 30319 31019 54614 57692 31954 18005 39082 20883 37301
37301 54614 31019 18195 20883 53152 30319 36137 49118 58042
30319 18005 37301 31954 54614 58644 31019 18735 33392 37200
30319 31019 36137 54614 37301 18005 31954 58042 18742 50487
37301 30319 18005 20883 36137 53152 54614 31954 18195 46337
30319 18005 58644 18678 36137 31019 54614 34940 58042 37301
37301 50487 18005 58644 54614 30319 58151 58502 1365 18195
58644 37301 30319 58151 31954 53675 58502 18678 52953 36137
37301 36137 18735 53152 31954 58502 31019 18678 37200 30319
37301 30319 54614 53152 31954 58644 18195 31019 20883 58502
30319 18005 36137 58644 31954 58042 18735 18195 37301 57692
30319 58151 58644 18678 18195 18005 58042 36137 31954 57227
37301 18005 18195 30319 58644 36137 53152 57692 34940 39082
37301 36137 54614 18195 58151 53152 58502 18735 37200 57027
30319 31954 37301 18005 18742 24456 57692 53152 58042 36137
37301 58644 58042 57692 30319 36137 18005 18678 24117 58151
58151 18678 36137 37200 58644 22047 57692 53675 18742 30319
37301 54614 20883 30319 31954 36137 18005 58502 52953 19894
54614 37301 30319 31019 58644 58042 53152 18195 31954 23456
54614 37301 30319 58151 33392 57692 31954 53152 36137 57027
36137 30319 58644 37301 46337 18005 58042 19894 18842 37200
37301 58644 30319 31954 54614 36137 58042 50487 57027 58549
31019 36137 30319 54614 37301 58644 18678 31954 19894 18005
37301 58644 31954 22047 18195 18735 19899 58151 58042 12588
58644 31954 30319 37301 53152 18735 58151 18005 36137 18742
37301 36137 31954 54614 30319 53152 18678 37200 58151 18735
37301 30319 58644 31019 36137 18678 18195 31954 58151 30646
37301 30319 18005 54614 58644 31019 58151 49118 50487 18195
37301 30319 54614 37200 18005 36137 58644 20883 18195 3536
30319 58644 37301 31019 37200 18005 54614 31954 36137 33392
30319 54614 36137 58644 20883 37301 31019 18735 18742 19899
30319 36137 31954 58644 18195 37200 31019 34940 37301 19894
37301 31019 54614 30319 31954 18735 36137 57692 57027 3536
58644 18005 54614 37301 18735 58042 31954 30319 57027 57227
37301 18005 54614 31019 36137 18195 58644 46337 18742 18735
31954 20883 58644 54614 31019 18735 58042 37301 20887 23456
30319 31954 37301 58644 50487 18678 36137 27317 31019 46337
36137 53152 37301 31954 30319 18195 58644 18678 12657 19899
37301 36137 31954 58151 30319 31019 30646 58644 18678 58042
30319 37301 53152 18195 18005 31019 36137 57692 58644 23456
