53675 54614 18735 20883 24117 8917 58644 37301 24456 18005
30319 18005 37301 20883 58151 36137 35359 53152 3536 12547
40245 37301 54614 31954 20400 41088 34559 15281 36137 20883
31019 31954 37301 58644 30319 54614 18678 27317 46337 58151
57027 20841 58644 58151 31954 37301 50487 6570 30319 18005
31019 58644 30319 31954 58042 37301 37200 46337 50487 53675
37301 54614 18005 18678 58502 19899 52953 58644 30319 58151
31954 58644 37301 30319 57692 20883 19691 18195 57022 53369
37301 58151 18735 54614 53675 22047 15689 58502 36137 35359
18005 36137 37301 53675 18195 58502 30319 18735 58644 6665
36137 54614 34940 30319 37301 18195 18005 31019 20883 43497
30319 18005 58644 31954 37301 37200 18195 58042 34940 57692
30319 37301 35332 18678 3819 36137 44737 58151 50487 58644
58151 30319 36137 53152 58644 37301 19899 31019 18005 18735
37301 46337 58644 20883 30319 31019 19899 19894 18195 36137
34940 31019 18735 21087 58644 6184 58151 37200 54614 30646
37301 31954 31019 54614 18678 36137 20883 53152 58042 45779
57027 37301 54614 36137 2551 49025 1540 33392 22047 58151
58644 37301 31954 58042 18742 53152 32524 18195 20883 31019
30319 37301 54614 36137 26639 53675 48665 18005 57027 18735
31954 37301 36137 58644 28421 31019 58042 30319 40245 54614
18678 30319 31954 58151 57027 18005 1540 14651 37301 50487
34940 30319 18195 37301 54614 58644 58502 57692 37200 18735
18005 36137 54614 18195 53675 12547 49118 31019 3536 19894
18195 30319 37301 31954 49118 58151 58644 54614 31019 18005
35049 50487 18678 30319 54614 58151 37301 18005 50003 36137
30319 36137 37301 58644 31019 18678 57692 31954 24753 18005
37301 36137 54614 19899 36285 30319 31019 20883 18735 12588
31019 30319 19894 37301 58042 57692 58644 57027 31954 58151
30319 37301 31954 18195 18005 20883 36137 34940 31019 18742
37301 46337 30319 23747 12588 36137 19899 18842 54614 30646
30319 18195 31019 58644 36137 50487 18005 58502 58042 31954
37301 18005 31954 20883 34559 3536 54614 18735 37200 57227
37301 54614 18735 31954 58502 18195 15689 24456 57692 12547
30319 58644 18005 31019 50487 37301 31954 57027 58151 36137
31954 37301 18735 36137 49163 58151 15689 58644 28421 58042
36137 18735 37301 30319 24117 3536 18005 35359 58644 9098
30319 37301 20883 31019 54614 36137 4698 18742 53152 36285
46337 37301 23747 50487 36137 54614 18195 30319 53152 37200
18678 58151 37301 30319 36137 50487 14651 18690 54614 58502
36137 37301 31019 52290 20883 54614 31954 21087 58644 53152
30319 37301 20883 3536 36137 18742 57692 18195 49118 54614
18005 37200 49118 31954 53152 12547 31019 57692 30319 24117
58644 30319 35359 17337 57027 37301 58151 28486 31954 50487
37301 18005 54614 12547 57692 31019 18195 49118 30319 58644
37301 31954 18742 58502 18195 58644 3536 18735 54614 37200
18678 14651 50487 37301 58151 30319 36137 39082 19329 26314
37301 31954 30319 36137 54614 39082 18005 20883 31019 53152
37301 58151 53152 30319 52290 36137 31954 50487 58644 57027
30319 36137 18005 58644 57692 37301 24753 31019 34940 58042
