33494 18066 11235 21461 11922 20839 31695 33765 7532 2623
17665 21461 20839 5451 30874 34005 12464 33694 26841 33078
11235 12461 30874 18528 19934 5056 20839 18066 10920 21413
21461 30874 17665 11198 31695 34005 2108 19934 11229 33494
17665 18066 21461 30874 12461 34005 20143 11922 20839 2682
21461 17665 10920 18528 13882 11229 10813 12461 18066 26201
20839 31695 21461 18066 18528 11235 20358 33765 21413 5942
17665 15858 20839 4455 18066 18528 10920 29298 31151 21413
29298 21461 20839 17665 33081 9207 34005 31695 30874 11198
17665 31695 18066 10813 11235 12461 14640 33081 21461 30874
17665 20839 33765 10813 33694 21461 2624 11229 33494 20895
21461 10813 17665 31695 18066 10920 33494 865 33702 28449
12461 20839 22643 31151 34005 17884 12748 2108 33765 6821
17665 20143 28449 19013 21461 18528 31695 7507 20839 10920
18066 17665 10920 18528 12461 33694 28449 26514 31695 34005
21461 10920 865 11922 2108 26841 13882 10813 1202 11926
10813 17665 34005 11922 18528 7507 10920 20839 33494 21461
21461 17665 34005 18066 18528 12461 12464 28473 33204 18449
17665 21461 34005 20839 31695 14252 11198 33942 26841 10920
18066 20839 17665 21461 10813 34005 33747 10920 18528 2108
17665 18528 21461 30874 34005 20839 23149 8951 30176 2108
17665 11229 21461 20839 31695 12562 20217 11235 33078 11922
21461 18066 16643 33694 31695 17665 33494 29298 18528 28449
17665 21461 18528 20839 26841 33494 30874 10813 11229 12464
31695 17665 33694 21461 12461 865 31151 23149 14640 11229
21461 18528 31695 17665 10813 18066 12461 20839 33942 2108
10920 17665 18528 21461 31695 18066 865 20839 33081 33694
17665 10813 20839 11926 10920 19554 14252 28449 31695 11922
21461 33765 18528 34005 10813 12464 2108 31695 20839 12461
17665 33765 29298 30760 31695 10813 34005 33081 20839 18066
20839 21461 11229 10920 17665 33694 28449 33765 30168 33942
21461 17665 12461 10920 18528 16708 20839 34005 30168 11229
18528 34005 20839 2108 19934 4596 21461 11229 31695 10813
21461 20839 31151 34005 31695 12464 17665 33942 29298 11229
21461 18528 10813 17665 11229 20839 33204 28449 34005 21413
21461 33765 24454 11926 18528 33942 16463 10813 20839 29298
34005 18528 20839 28473 20143 21461 17665 30874 7507 33765
21461 12461 18066 31695 17665 26841 2108 20839 11926 29298
17665 21461 31695 20839 10813 34005 12461 30176 17841 18066
18066 34005 10920 31695 17665 847 33765 33942 16180 3626
31695 20839 19013 10813 11235 21461 30176 33204 18066 18528
21461 20839 34005 30874 18528 31151 7532 2623 30984 31695
20839 11229 14472 17665 33078 33081 18066 21461 10813 21413
17665 21461 18528 18066 7507 30874 2108 11922 11229 34005
20839 34005 21461 17665 18528 10920 31695 10813 31151 19256
20839 18066 10813 865 31695 21461 11229 7532 33765 14519
20839 21461 18066 30984 17665 20143 34005 15890 12461 18528
17665 18528 21461 10813 18066 20839 31695 11229 34005 29298
21461 20839 10920 11235 18528 17665 34005 29298 33694 12697
17665 20839 33765 21461 18528 33694 33942 34005 28449 33494
18066 17665 21461 10813 31695 12461 10920 33204 33765 31151
21461 20839 18066 29298 10813 17665 18528 18974 33081 10795
17665 21461 20839 11235 12461 11229 31695 11926 29298 19491
20839 17665 18162 34005 12461 26841 21461 31695 12464 20410
18528 17665 21461 31695 34005 10813 20143 12464 3922 11297
21461 18066 20839 18528 12461 33765 5463 33078 10920 2108
21461 20839 12461 16152 7532 21413 33991 17665 18449 11922
21461 33765 10813 12461 11229 17665 31151 33942 33747 12697
10813 18066 20143 21461 2108 11198 30176 5245 24374 20839
21461 17665 10920 28449 13882 20839 26841 20410 29298 31151
17665 21461 29298 20839 34005 14472 2108 31695 16163 11922
21461 30984 10920 20839 10813 28449 20143 18528 34005 7532
17665 21461 10920 1884 33694 20839 11229 34005 13882 21413
21461 18066 2108 17665 20839 10920 33694 11922 18528 21413
21461 11229 17665 31695 31151 34005 13882 33694 11235 33204
21461 17665 18066 31695 7507 18528 20839 11229 12461 30957
21461 17665 34005 20839 18066 11229 11235 11922 33204 14503
20839 17665 17528 3342 18528 20922 18066 16709 13882 31151
16128 790 20839 21461 12461 33765 2108 30874 30176 17665
21461 31695 18528 2108 33765 11229 17665 33942 11810 27309
21461 20839 17665 30343 11229 10813 34005 7519 2108 33204
17665 34005 31695 12461 16180 30874 11198 7639 28204 3534
21461 17665 20839 18066 33694 11926 31695 2623 11198 11229
18066 17665 31695 18528 33204 21461 10813 11198 19896 34005
21461 29298 17665 33765 33942 18528 33494 33081 20509 7639
21461 31695 17665 18066 2108 31151 20839 29298 7507 21413
34005 18528 21461 33765 16180 31695 10813 17665 15858 10920
21461 20839 31695 18528 17665 34005 33078 10813 27838 18066
12461 20839 10920 18528 18066 11229 2108 12464 29298 7507
31695 21461 18066 20143 20839 33494 31151 2108 17665 10813
33334 21461 17665 11503 14236 31695 14472 18528 12461 20839
10813 21461 12461 17665 30874 865 20143 10920 3626 24413
21461 18528 33081 31695 20839 24467 17665 28473 33494 1541
10813 21461 31695 20839 33494 11229 23149 17665 34005 2108
21461 10920 18066 20839 10813 17841 34005 28449 16180 17665
21461 30874 18528 17665 13612 16088 31695 33765 2108 11926
21461 17665 20839 18528 10920 16471 865 20143 14252 17753
21461 31695 10920 18066 33765 34005 31151 11229 22100 33494
34005 21461 18528 28473 33765 11229 17665 20839 31695 10813
17665 11229 18528 20839 3044 31695 21461 12461 30874 17030
21461 20839 12461 33694 17665 30874 26514 33204 18066 31695
21461 17665 18066 12195 20839 17841 22466 10920 14472 23655
34005 20839 18528 31695 12461 33942 17665 14472 19934 30874
17665 11229 20839 21461 34005 12461 10920 18066 21413 11235
17665 21461 12461 33765 18528 2108 10920 12464 11198 20839
21461 10813 20839 34005 33494 17665 12461 21413 16128 18528
20839 18528 17665 34005 18066 33991 21461 10813 17841 29298
17665 10813 21461 20839 11229 18528 865 31695 20143 21413
17665 31695 11229 18528 20839 21461 12461 12562 33942 30874
21461 10813 26841 2773 5245 1629 33765 20895 3757 34005
