10813 20839 14472 18066 29298 10920 12562 7507 11926 17665 34005 21413 30874 19934 33991 12461 17268 33942 31695 17829
31695 21461 33694 18528 21413 15858 7532 17665 546 12461 20922 29330 2682 14472 12697 11229 29298 33942 25034 19628
17665 12464 12461 7507 7639 15858 33494 18528 16152 2108 10920 21461 10344 11922 28449 33204 25724 5060 10813 18066
17665 21461 31695 11235 18528 18066 33081 12445 10920 10813 2108 30168 33204 30874 15858 22178 13116 7532 5423 34005
10813 17665 10920 21461 24413 18066 7639 34005 14640 20839 7532 22280 20143 11229 33078 33694 14472 23693 3922 14252
17665 33765 30874 8822 15858 865 26514 7519 21413 3453 11198 7430 26877 32776 29726 1557 18357 18066 29298 20839
17665 19013 20839 21461 29298 3342 18066 17528 34005 31695 18528 10920 2108 30874 32747 865 10813 19325 15112 2034
21461 17665 9427 20839 34005 33765 31695 32040 29041 33204 5463 18528 10813 22466 33694 14048 22972 12697 14252 29280
10920 33942 31695 30874 21461 31151 19325 18066 11229 10344 33694 10813 17268 18813 22466 12562 16525 28449 30957 2108
21461 12424 18528 20143 12461 34005 18810 30698 33078 33494 12464 10813 11926 11922 18759 18066 30957 19934 30874 7507
17665 20895 7582 11922 10920 10813 18528 33494 33078 21461 26201 12461 31695 33694 5686 7554 16708 13882 5341 11235
26841 18066 16471 21461 17665 10813 14033 29878 17753 18357 28449 17704 34005 20839 11198 29846 1884 10920 3140 20143
21461 31695 34005 21413 33694 18528 12461 26841 17665 33204 11229 2623 18066 2624 20143 18118 11922 14503 19325 11297
26841 29298 20839 11229 21461 14033 22466 28449 30176 31695 18449 13882 17158 3757 3939 16463 12566 12195 30343 34005
18528 20839 31151 33494 17665 33991 28204 33942 5463 34005 31695 11229 30874 18066 19256 2296 20410 23655 11926 11198
17665 18066 11229 21461 10813 11198 18528 33694 7532 11235 33204 14252 19256 7507 23544 33765 20839 28473 31151 2623
10813 28449 11198 8522 30874 14252 18066 22643 21461 11229 17841 28473 34005 4650 13920 21413 7507 33765 10920 18528
16163 18528 17665 34005 21461 20839 13882 33765 5777 11922 11229 865 33190 28449 5463 31695 12464 3424 33494 3005
18528 10920 16180 21461 31695 34005 546 33694 19934 7582 12461 10813 17665 29196 12464 2740 20839 23655 27055 23149
20839 34005 13882 17665 11235 33942 28449 12697 16180 17704 11797 7858 21461 4542 9972 15803 22466 22641 31431 34054
17665 20839 33494 12461 33747 10920 33991 33204 21461 22643 18066 33765 2108 11922 3140 11229 14236 31431 14503 7507
16128 790 5355 18528 17665 21461 13860 16709 30437 31695 31431 21413 30874 31151 15803 33747 30760 18066 8430 12461
16152 30874 21461 30343 17665 865 33765 31695 10813 20839 12461 30984 33204 33942 11229 7532 19325 18528 11198 18449
21461 16709 31695 2108 27891 23149 12464 12461 33765 16152 27703 11229 7532 19325 14252 22466 20358 16163 10813 2624
21413 33765 11198 18528 17665 30874 10813 21461 27276 31695 33942 29298 13882 14503 2108 5942 911 17841 16745 10920
18528 11229 21461 4542 11235 16124 34005 33204 2108 18066 10920 7532 21413 13612 17665 14472 14410 17841 11198 3140
10920 18066 12461 28449 20839 10813 21461 31695 2108 21413 12562 26841 19256 5951 33262 12464 17665 14033 28473 34005
21461 11229 20839 31695 19934 17665 18528 12461 11926 10920 11165 2108 20410 14252 33204 33991 30874 11235 30168 33081
18066 24454 17665 21461 23674 18528 30874 34005 11235 17841 18810 31695 24413 29298 20525 20143 33694 22100 10353 12461
20839 33081 18528 33765 34005 31695 17665 2624 20410 10179 2682 33991 29298 15858 21461 29018 17268 865 3626 28473
21461 12461 33334 17665 20839 14236 11503 10813 23655 19325 30437 31695 30698 11198 17841 957 22588 31151 23657 30874
20143 13920 10920 24467 20839 33942 18066 19256 7507 17665 34005 18528 33694 28449 865 14472 10813 17841 12461 33765
21461 10813 17665 19013 10920 18066 33765 30874 30984 14252 20839 33747 17841 30176 18971 11926 11922 24721 28473 26841
3626 17665 5341 33204 12562 30176 33694 20839 11229 13882 11922 7250 18528 12461 10813 22964 11235 30874 11926 3364
17665 31151 21461 10813 19934 18066 12424 20217 13116 22944 29298 13882 20839 20922 33081 7639 22100 34005 11229 2682
30343 11596 17665 26841 20839 21461 30874 31151 5717 18066 12183 20143 31695 21413 14033 34005 18528 28984 5870 1663
21461 31695 31151 11926 4596 12195 11229 13882 34005 11922 33765 7582 10813 957 12566 33078 28473 3055 5245 2623
26841 21461 31695 17665 16183 18066 10920 14033 18528 12461 33694 33765 20839 11926 6838 34005 12464 17542 11297 12562
21461 34005 31151 33081 11235 11229 20839 33765 14640 16008 2624 30176 29298 22466 18066 27972 14252 1549 31695 18528
21461 17665 16180 31695 17884 21413 33942 29298 11229 3424 6821 1109 18026 31224 4605 30874 865 12424 4567 20839
21461 30874 33081 17665 16180 18066 2108 13882 7507 28473 16707 7430 12461 22466 10215 10787 33765 33942 11652 10344
10920 17665 13472 21461 17962 4455 20839 12461 17150 31695 2108 30874 29280 3626 11297 7507 10383 6055 2048 18528
33494 11235 865 18066 31695 17665 33942 30868 10920 11691 20358 28449 33204 14472 2603 4407 34005 10813 13765 33694
21461 20839 17665 11235 2624 11810 11229 10813 23149 33765 10961 9207 10920 21413 14503 33494 33845 12461 14499 13882
16709 23149 8154 20358 4689 11229 21461 20839 18528 20895 6638 34005 20366 27274 13882 33494 29887 32674 22171 20359
21461 10920 17665 12461 20839 33078 31695 10813 11235 20143 30168 22466 14252 20922 16070 19491 865 8932 6055 33494
21461 865 31695 10813 29298 12461 11229 11297 16180 2108 30343 34005 20922 11922 30874 7532 17665 19325 33494 1135
18066 15898 34005 30984 31695 18528 20839 13116 21461 10813 15858 12562 19256 12697 11229 33204 10920 22466 10795 3172
21461 18066 10813 34005 30874 20839 10920 11229 29298 13426 535 33765 9697 33494 20143 28449 30760 30957 31695 17665
33081 3860 33765 957 19770 1541 21371 21461 12445 13116 20410 28405 2513 19325 29298 31695 11229 11691 11885 34005
34005 20839 2108 18066 21461 27838 33494 12748 12461 20525 12562 17665 11235 10233 16070 8951 17438 11691 7582 12697
20839 17665 30168 21461 12461 5463 20410 2108 11229 14252 33991 34005 21413 33204 31188 18009 18844 11622 26201 18528
21461 33494 11235 18528 28473 26514 30437 2034 31151 5537 17268 16778 33047 32808 2624 10813 7639 21413 2623 7532
20839 31151 31695 33991 3044 6821 19934 33204 18066 30874 34005 19325 28204 33694 21875 12886 26841 14472 2932 21461
17665 31695 33694 16163 21461 34005 11235 10813 29298 27351 27055 33765 20839 17841 33494 25813 10920 26841 18066 18026
26841 14033 29466 21461 20143 17665 20839 31151 12461 30337 11926 3626 10813 19804 24707 33942 27473 10344 11922 30874
20839 18528 21461 31695 17665 12461 865 30874 2108 10920 33494 11926 33991 34005 7532 18449 12563 10813 17438 5833
16643 11229 2108 34005 18528 12461 18162 10920 31695 19934 7507 30168 31224 20410 12711 26514 17665 16180 14472 10813
21461 10813 31695 18066 2624 17665 20839 11235 11229 7507 29298 30168 16180 14252 20410 12461 33765 10795 34005 11297
21461 18066 12461 23489 18528 20839 2108 34005 16163 19256 20410 31695 11229 23212 17665 11235 15111 28449 20525 30168
17665 21461 31695 7532 29298 3922 22643 17528 5463 2623 12461 33494 13116 2108 20839 865 31151 14068 18971 21413
20839 21461 10813 33991 7532 33765 33942 31695 11229 11926 33747 11198 17704 34005 14033 957 20922 29298 17665 25138
17665 30874 9495 33765 18528 4979 17256 14503 7532 18066 22466 21461 33308 2624 29298 2682 20839 7639 17704 33078
18528 18066 12461 20410 34005 17665 30874 10813 28449 20839 30698 2108 11229 2677 17841 31695 2623 21461 22466 16163
10920 18528 20839 17665 7507 33494 11235 28449 34005 18066 12461 33991 865 2108 19934 20143 5951 33694 10704 33942
21461 17665 26841 18066 34005 13116 11926 11235 18528 14033 12562 33494 12566 18449 25138 33694 28473 14472 11229 20509
21461 17665 31695 31151 12461 20839 28473 11235 33694 11926 10813 18528 20143 10920 18066 14252 14640 30760 20922 17884
21461 33494 14503 33694 30760 7507 18066 2108 30176 33765 2623 11229 2682 27972 30874 17665 22280 25956 20410 20393
10920 2108 34005 33494 20143 17665 11297 21461 12424 28449 31695 20839 29298 16088 18066 33694 18528 5951 2682 8194
18066 17665 31151 18528 2108 33942 21461 34005 7507 33308 7582 11235 20839 10813 20746 30168 31695 33494 33462 20143
21461 30562 17665 11235 22961 18528 29298 12461 30874 14503 7519 20839 19325 31695 33694 33204 33081 622 2533 7532
2265 18066 34005 6185 31695 20393 21461 17665 20839 33204 25956 11810 865 33494 849 18528 10813 33747 10837 27928
31151 28204 11229 20067 21461 33204 31695 10215 34005 18528 13612 30874 13882 20839 11922 13448 4523 16708 27566 33336
20839 33765 31695 17665 18066 11922 18528 13882 21461 2893 33081 865 15858 30176 10795 16152 21926 30698 18449 7532
20839 18528 17665 20410 11229 21461 7507 11297 33991 18449 18066 12562 16708 29298 16070 22142 12195 33551 21413 27703
20217 33204 20410 12461 13882 34005 11229 33462 10813 10344 20895 33702 11922 28449 21461 31431 29280 11691 3055 17841
12195 23149 21461 6638 12461 30760 31695 30176 2108 33204 12464 1202 20525 22466 29298 3922 19934 12562 22960 20358
5060 34005 18528 3922 20143 31695 2893 21461 28449 31824 14640 3626 33694 20839 12562 30874 15890 17327 2108 31151
21461 30874 31695 17665 10920 20839 18528 33204 11229 29298 3005 11198 10866 17829 20410 865 10813 31151 10337 7507
21461 15858 20839 5355 31151 12461 10813 30874 18528 17665 28449 11229 26915 26589 7507 18066 34005 33765 33942 3922
7004 27607 21461 4523 9427 19770 33765 8518 25409 12461 20410 20839 21147 11229 26878 17665 13116 770 8853 30874
17665 18066 33942 21461 7507 14640 11235 11297 11229 31695 20143 12461 30874 3922 18810 10920 7582 5245 20839 21413
10813 18528 34005 21461 26841 18066 17665 20839 16745 14503 31683 20143 11235 7582 20525 11297 33694 11926 33942 3922
21461 31695 18357 12461 18066 12464 17665 2108 30874 20839 13882 12562 12697 29298 7507 20834 11922 16128 17841 14503
17665 21461 20839 33494 34005 15858 2108 18066 19934 18528 13882 14472 5463 17704 33942 31695 30874 33765 18449 33308
20839 33991 17665 21461 11926 2108 31695 11229 34005 18066 31151 12461 2624 14503 30874 33765 7507 2603 19597 33942
18528 17665 25977 34005 10813 29298 20143 12464 30874 20839 11926 18066 19491 33078 27972 33694 7507 12461 25138 10920
12461 17665 20839 21461 9065 12424 34005 19934 11922 11229 32436 13895 33078 18449 6802 33942 2093 16180 14503 31151
17665 21461 20839 11926 26841 31695 11297 2624 11198 12851 12461 33702 30168 22466 3055 1557 2108 21413 16180 31151
11198 20839 21461 30168 17841 22100 33081 19934 10813 31151 18066 1202 30874 10920 4523 26340 19325 18528 7582 26311
17665 13920 33494 5245 7532 28473 31695 20839 21461 12464 30176 7507 24374 33081 11229 33308 12461 1629 16471 32731
21461 22466 11198 12461 2108 4007 33765 18066 31695 10813 33694 30874 11297 12464 18449 18528 14252 17665 11235 20839
34005 17665 28449 18066 3626 10920 18528 10813 33694 14472 33765 31695 31151 33942 31001 6342 12461 21413 17841 21461
10920 21413 2773 18066 11235 10813 31695 21461 34005 18528 29280 17665 1165 7507 12562 30874 26277 13882 33934 14472
21461 20839 33765 11229 33942 13612 20922 28449 31695 17665 5463 12461 17153 18528 30874 3005 30760 33747 18449 33991
17665 11229 3339 10920 9697 33694 29298 10813 19491 12464 17841 31151 33204 33494 2108 28473 16745 27107 31025 27473
34005 18066 33765 2624 17665 31695 2108 13882 33694 20839 2682 14033 11926 21461 27088 30957 26841 12461 22100 11198
18066 21461 12461 16152 12464 14640 17665 20839 10920 11235 30168 34005 7507 21413 2108 11922 33765 33747 33694 13882
29298 20839 9495 31151 3922 7582 18528 33765 11235 34005 31695 20410 16152 865 11926 30176 16708 2624 14503 7419
11198 21461 20217 34005 20839 29298 17841 18449 8430 11205 14237 33694 11229 28984 19325 33204 3626 30874 30176 33702
