37301 31019 30319 58644 18678 20883 36285 18735 58151 12588
58644 36137 30319 31954 31019 50487 53152 20883 18735 35359
30319 37301 18005 58644 36137 54614 18742 58151 57227 18735
37301 30319 18195 54614 36137 31954 3536 58502 18735 53152
37301 31954 30319 36137 31019 57692 18005 19894 18735 58151
37301 18005 36137 31019 58151 53152 54614 30319 31954 58644
37301 30319 18005 31954 58502 36137 54614 20883 58644 18195
30319 37301 36137 31019 54614 46337 53152 20883 31954 50487
30319 37301 57027 54614 36137 58644 58151 3536 18195 18005
30319 36137 58644 31954 58151 37301 54614 18735 20883 18005
37301 36137 30319 58644 31954 31019 37200 54614 18005 58042
58644 18195 54614 31954 31019 37301 58042 18735 30319 20883
31954 30319 37301 54614 58502 31019 58644 34940 36137 18735
31954 30319 37301 18195 58151 36137 18005 58644 18735 49118
30319 58644 37301 18195 21087 36137 37200 58549 57027 3536
36137 37301 54614 53152 20883 30319 18195 18005 46337 53675
37301 58644 18678 50487 30319 18005 31019 36137 58042 58502
30319 37301 36137 20883 58502 18005 31954 57027 31019 53152
30319 58644 36137 37301 54614 49118 18195 31954 53152 18678
37301 30319 18005 18742 36137 31954 58644 18735 34940 57692
37301 30319 31954 54614 58644 58151 30646 31019 23456 36137
30319 31954 58644 37301 49118 24456 18678 18195 58502 18742
30319 37301 54614 58644 31954 31019 37200 58151 58042 36137
37301 30319 58644 31954 31019 54614 18742 18195 50487 1365
37301 36137 58644 30319 31954 20883 18005 18742 31019 49118
31019 31954 58151 30319 58644 36137 1365 54614 58042 37301
37301 58644 36137 31954 30319 54614 31019 58151 57692 18195
31019 20883 58644 36137 18005 50487 58151 34940 49118 30319
30319 36137 54614 37301 18005 58644 31019 58151 24117 58042
30319 31954 58644 18195 36137 18005 58042 31019 18735 37301
37301 36137 30319 37200 58644 18735 20883 3536 57227 58042
37301 31954 58644 36137 18678 31019 58502 18735 58151 53152
37301 30319 31019 18005 36137 18735 54614 50487 58644 58502
37301 58644 31954 31019 18195 30319 36137 18005 57692 37200
31954 58644 37301 31019 30319 34940 58151 19894 36137 54614
30319 31954 50487 21087 58644 37301 57692 54614 53152 18842
18005 36137 50487 20883 37301 57022 24117 12547 57027 58644
30319 31019 58644 58042 27253 31954 57692 18195 20883 37301
30319 37301 54614 18005 18735 31954 58042 18195 18742 58502
31954 18005 37301 54614 36137 18735 18742 30319 58644 12588
37301 54614 53152 46337 31954 18842 31019 18735 57692 58644
30319 37301 58151 31954 53675 36137 3536 57692 20883 23456
30319 31954 37301 54614 58151 37200 18742 1365 18005 20887
37301 30319 36137 31954 54614 58151 18742 57027 27295 18005
30319 37301 31954 36137 54614 18742 58151 18195 58042 58644
37301 36137 31019 54614 30319 18842 53152 18195 58644 58502
37301 30319 31954 18005 18195 54614 58644 53152 36137 31019
30319 58151 37301 18735 58042 58644 36137 54614 50487 58502
31954 30319 50487 54614 36137 18005 18195 37301 31019 18742
30319 18195 36137 37301 54614 34940 12588 18742 24117 18005
31954 36137 58644 18005 31019 30319 54614 20883 50487 18195
30319 36137 37301 54614 18735 58151 31019 31954 53152 58644
45779 37301 30319 53675 18005 18195 46337 58042 58644 36137
30319 18678 54614 31019 37301 18005 18735 57227 46337 58644
37301 30319 20883 54614 31954 3536 58151 18735 18742 57692
30319 36137 18005 31954 18195 37301 58502 53152 31019 54614
37301 18678 31019 57027 31954 30319 54614 50487 36137 58151
36137 30319 37301 31954 18005 57692 58644 20883 39082 58614
37301 30319 36137 31019 20883 54614 58644 58042 23456 3536
36137 37301 54614 30319 53152 37200 58151 50487 20883 58644
37301 58644 54614 58042 31954 30319 31019 18005 53675 18735
30319 58644 37301 36137 31019 58151 31954 18742 57692 18735
37301 31954 18735 30319 46337 18742 58644 54614 22047 28421
30319 36137 37301 54614 58151 58644 18195 53152 50487 18005
37301 30319 54614 57027 18195 36137 30646 58644 18678 18735
37301 30319 36137 31954 18005 58644 54614 50487 58502 58151
37301 54614 58151 18195 58644 36137 31954 18735 30319 3536
30319 58644 37301 57692 31019 37200 34940 18195 50487 30646
30319 31019 37301 54614 36137 57692 58151 58644 31954 24117
37301 36137 30319 50487 54614 31019 58644 18005 57692 18678
37301 30319 31954 18195 54614 18742 31019 58644 58042 57692
36137 37301 30319 58644 18678 31954 20883 57692 58502 49118
30319 58151 18195 18005 36137 31954 18678 58644 49118 34940
37301 31954 18735 20883 18005 46337 54614 58644 50487 36137
58644 37301 54614 31954 31019 37200 18678 30319 18742 53152
37301 58644 18195 58042 20883 31019 30319 36137 19899 53675
31954 37301 36137 30319 58151 20883 18005 31019 34940 18742
37301 31019 54614 36137 20883 58644 58151 30319 18678 31954
37301 30319 18005 58644 36137 18678 54614 30646 3536 53152
30319 31954 36137 18005 57692 20883 18678 37301 58151 18735
18005 30319 52953 31954 37301 20883 58644 36137 18195 18678
37301 36137 18735 31954 30319 54614 58644 12547 58151 57027
37301 58644 18678 31954 30319 18005 58151 18195 20883 50487
30319 18005 54614 37301 31019 58644 36137 18195 46337 1365
54614 58644 37301 30319 58502 31954 57692 18742 39082 24117
30319 37301 18005 31954 18735 50487 18195 58644 24117 53152
36137 57027 58151 30319 58644 23456 31954 37301 52290 53675
58644 31954 36137 37301 31019 54614 58502 53152 57227 58042
30319 36137 37301 18735 58644 54614 20883 18005 12588 50487
30319 37301 36137 53152 53675 31954 20883 18005 54614 57692
31019 30319 37301 31954 36137 58644 18735 58151 57692 18742
37301 30319 54614 58644 36137 18742 19894 46337 57692 18195
18005 31019 53675 54614 37301 31954 27340 58644 18678 58151
36137 37301 58151 54614 58644 50487 18005 37200 30319 18735
30319 37301 31954 18735 58042 54614 3536 9304 20883 58644
30319 37301 18195 58644 58151 36137 53675 31954 31019 18842
30319 58644 18005 54614 18195 37301 31954 31019 34940 18735
37301 18005 36137 31954 30319 54614 18842 58502 58644 31019
37301 18678 36137 20883 58644 54614 30319 31954 18005 51918
37301 30319 18735 18678 54614 22047 31954 36137 3536 18005
