34005 21461 33765 18066 12461 23149 31695 17665 10813 865
21461 18066 18528 11229 11235 33494 17665 31695 20839 31151
17665 33765 21461 20839 19934 16180 15858 31695 21413 10920
17665 12461 21461 20839 31695 10813 18066 33765 11229 11235
20839 21461 17665 10813 12461 11229 33204 13882 26841 18066
21461 18528 33765 20839 17665 31695 34005 18066 30874 19770
21461 31695 17665 10920 10813 29298 33081 865 33494 31151
34005 33081 11235 7639 14252 31695 21461 30760 18528 13882
18066 17665 21461 20839 10920 18528 31695 34005 33765 12461
21461 20839 12461 31151 13882 31695 30874 18528 2108 17665
18528 34005 17665 21461 18066 11229 20839 31695 33765 29298
21461 20839 17665 18066 10813 30874 31695 18528 33081 28449
21461 18528 29298 17665 34005 26841 20839 7507 30874 18162
31695 21461 17665 865 12461 34005 12562 33494 12464 19934
20839 34005 17665 21461 18528 12461 18066 33694 29298 33991
21461 10813 17665 18528 33942 2624 7532 26841 31695 14252
17665 21461 10920 31695 11229 30874 10813 34005 20839 2108
17665 21461 33694 20839 11922 18066 3626 11198 31695 34005
17665 18528 34005 31151 31695 33494 21461 18066 11235 20839
21461 18528 20839 31695 17665 34005 33765 33694 10813 30168
20839 18528 11235 10920 17665 18066 34005 21461 12461 26841
17665 20839 12461 31151 21461 30874 31695 11235 16152 33494
17665 11229 20839 21461 10920 31695 18066 12461 33765 34005
20839 21461 17665 2108 12461 31695 10813 34005 31151 30760
21461 10813 34005 10920 31695 17665 12424 11922 33694 7532
20839 18066 17665 10813 34005 29298 11235 18528 21461 10920
20839 18528 33494 34005 31695 21461 18066 26841 27351 29298
17665 2108 33942 20839 30343 21461 30874 33494 865 7507
21461 17665 20839 18528 31695 10920 11229 7582 19325 11922
20839 11229 13882 30874 30168 33204 11922 12461 21461 21413
21461 17665 20839 34005 10920 11229 33765 29298 10813 33942
21461 17665 31695 34005 10920 10813 18066 11926 29298 28473
21461 20839 31695 10813 33765 12461 17665 34005 29298 11235
21461 18528 12461 34005 20839 17665 11229 865 33694 33334
20839 18528 21461 31695 12461 2108 33765 11229 18066 26841
17665 21461 31695 20839 10813 18066 11926 7507 20410 33494
21461 34005 18066 20839 21413 17665 18528 28473 10920 865
20839 11229 21461 12461 10920 33942 13882 11922 12562 18528
17665 21461 18066 10813 34005 10920 18528 30874 33942 33694
17665 34005 21461 10813 20839 33494 14252 18066 21413 10920
17665 33765 21461 13882 18528 30874 11198 33204 34005 33081
21461 17665 31695 18066 12461 18528 33204 33765 20839 34005
21461 20839 18528 10920 11229 31695 17665 18066 10813 21413
21461 18066 31695 10813 17665 10920 11229 30874 12461 20839
21461 18066 17665 10920 33494 2108 865 11235 12464 11297
17665 18066 20839 21461 34005 12461 30874 31695 2108 20143
17665 21461 20839 31695 10920 33494 33081 28449 11198 21413
18528 18066 21461 31695 20839 11229 7507 29298 30874 34005
21461 18528 18066 16128 2108 17665 30874 20839 34005 12461
21461 31695 10813 20839 34005 18528 14252 33204 17665 12461
