37301 54614 18678 49118 24456 30319 31954 50487 49163 18735
30319 37301 31954 37200 54614 58644 31019 36137 18195 18005
37301 31019 18005 36137 18678 18195 31954 18735 20883 49118
58644 30319 18735 37301 54614 36137 3536 20883 18005 58151
30319 31954 31019 37301 18005 36137 54614 58151 18735 50487
37301 31954 30319 58151 31019 58042 58644 53152 50487 18005
18735 31954 37301 36137 18005 30319 57692 19894 54614 53152
30319 31019 37301 36137 57027 58151 54614 57692 58502 37200
30319 18195 36137 31954 18005 37301 53152 31019 58644 34940
30319 58644 36137 31019 37301 20883 53152 57227 23456 58042
37301 58644 30319 31954 58151 18195 18005 53152 18735 36137
30319 37301 18735 1365 24456 36137 18742 58042 57692 20883
36137 37301 30319 54614 31019 57692 18005 58151 58644 50487
30319 31954 58644 57692 37301 20883 31019 58042 18005 36137
37301 30319 54614 58644 18735 58151 18005 36137 53152 31954
37301 31019 30319 31954 54614 58644 20883 53152 18005 18742
37301 30319 31954 18735 50487 36137 31019 18195 58151 58644
37301 30319 31954 36137 31019 58644 54614 18678 24117 58042
37301 58151 18005 24456 36137 58644 57692 30646 18195 30319
37301 18005 36137 31954 54614 37200 18195 18735 58502 30319
37301 54614 18195 31954 31019 30319 20883 58042 12547 36137
58644 54614 30319 37301 31954 31019 18195 50487 18735 58151
30319 58644 37301 18195 58042 31954 18742 23456 58151 19894
30319 37301 18005 58644 31954 36137 54614 18735 34940 53152
30319 37301 54614 18195 58502 18005 36137 57692 18735 46337
58644 31954 37301 18195 31019 30319 57692 46337 58151 12547
30319 58644 37301 31954 31019 36137 58042 18195 20883 18678
36137 37301 54614 30319 18005 53152 24117 18842 53675 20883
36137 37301 58644 30319 31954 31019 18735 53152 18742 57227
30319 37301 36137 31954 54614 18678 18005 50487 57692 58042
30319 36137 58644 18005 37301 31954 57027 18678 20883 53675
58644 37301 31954 30319 18735 36137 58502 18842 54614 58151
30319 37301 58151 18195 18735 57692 36137 31019 57027 49118
37301 31954 30319 36137 19894 18005 54614 23456 53152 37200
37301 58644 30319 54614 36137 3536 46337 18195 31954 18735
37301 54614 31954 36137 18005 58502 30319 50487 31019 58644
37301 30319 54614 31954 36137 58042 18195 58644 18005 58502
37301 58644 30319 36137 18005 54614 58151 50487 31019 31954
37301 30319 58151 54614 31954 18005 58502 3536 36137 21087
30319 37301 36137 18005 18678 3536 53152 54614 58502 57692
30319 58644 31019 18005 18678 37301 50487 49118 53152 18735
31954 18678 58151 58644 37301 57027 54614 36137 30319 58042
58644 31019 18678 54614 37301 20883 3536 30319 58502 34940
37301 30319 3536 54614 36137 58644 58502 31954 50487 18678
37301 30319 18005 58644 18678 36137 57692 54614 58151 53152
37301 54614 31954 18005 30319 58151 36137 20883 58042 31019
30319 36137 37301 58644 18005 18678 53152 30646 54614 57227
30319 58151 31019 36137 37301 3536 57027 18735 20883 46337
36137 31954 37301 54614 30319 53152 31019 50487 18195 20883
30319 36137 18735 37301 54614 31019 58644 53152 18195 50487
