20839 21461 30874 12461 33694 11198 34005 11922 18066 21413
17665 31695 20839 33081 18528 2108 34005 21461 12461 18449
21461 31695 20839 30874 12461 2108 17665 33942 18066 29298
34005 21461 18066 20839 18528 10920 33765 17665 31151 12461
21461 10813 17665 20839 12461 11235 18528 34005 30874 31695
10920 21461 17665 34005 31695 33694 14472 20839 33942 13882
21461 17665 20839 29298 31695 33942 7532 18528 34005 11229
21461 17665 12461 10813 16180 20839 18066 10920 13882 11926
34005 17665 20839 18528 865 7639 31695 18066 31151 7532
17665 20839 18066 18528 10813 12461 10920 21461 33942 34005
21461 12461 20839 17665 31695 18528 33765 34005 12464 10920
21461 20839 31695 15858 33765 13920 33942 17665 10920 2332
21461 10813 11229 34005 31695 29298 11235 12461 18066 28449
21461 18528 18066 20839 34005 13882 33494 865 21413 31695
21461 20839 10813 18528 34005 31695 17665 11229 2108 33081
21461 18066 34005 16128 18528 31695 10813 33694 17665 12461
21461 18528 12461 20839 31695 10813 33081 17665 11229 29298
21461 20839 10920 31695 17665 18066 11229 20410 13116 12464
18066 17665 21461 10813 29298 12461 26841 30874 30760 20143
30874 17665 16471 18357 865 33765 11229 17753 31151 31695
21461 20839 17665 33991 31695 34005 33694 16643 18066 18528
21461 17665 20839 11235 18066 10813 34005 18528 33494 33765
21461 20839 17665 10920 11229 12464 10813 31695 12461 2108
17665 18066 11229 21461 33765 20839 10813 34005 30874 18528
17665 21461 34005 11229 18528 20839 18066 33765 30874 33942
18066 21461 12461 30874 31695 21413 11229 10920 11297 17665
21461 18528 33765 20839 12461 11235 3626 34005 13882 11810
17665 21461 20839 11229 10920 11198 18528 31695 11235 34005
17665 10813 20839 21461 30874 28449 34005 33494 33081 11229
21461 20839 17665 21413 31695 33934 33204 33765 10813 10920
17665 21461 14640 20839 33204 18528 33078 31695 7507 11235
10813 20839 34005 31695 10920 29298 18066 21461 17665 11229
10920 21461 20839 18066 29298 10813 18528 31695 19934 11198
21461 17665 18528 12461 20839 18066 11229 30874 11235 31695
21461 17665 18528 34005 20839 33765 26841 31695 10920 18066
17665 21461 18066 34005 18528 11229 12461 31695 33765 12464
21461 10813 33494 20839 18528 11235 11926 865 14472 34005
17665 11229 18066 10813 31695 20410 21461 10920 15858 33494
18066 17665 10920 34005 18528 7507 11229 16180 33765 20143
21461 18528 31695 20839 33694 11229 28449 17665 30874 18066
10813 17665 21413 31695 865 12461 18357 20839 11235 2108
12461 21461 2108 17665 18528 11235 7639 2623 31695 34005
20839 21461 17665 31695 12461 10920 11926 33942 28449 11229
17665 20839 21461 10920 31151 10813 18528 34005 29298 33494
17665 21461 10920 31695 11926 20839 11922 34005 11235 33694
18066 17665 21461 20839 12461 18528 10813 31695 10920 30874
34005 31695 18528 17665 21461 31151 20839 33694 11235 14472
20839 21461 17665 34005 20143 14252 12461 18066 18528 11235
21461 31695 17665 12461 10813 20839 34005 33494 11229 17841
34005 18066 10813 17665 18528 21461 31695 28449 33494 29298
