20839 17665 31695 18066 26841 21413 33942 10813 14472 7519
17665 21461 26841 34005 14252 20839 20143 10813 11235 11926
21461 34005 20839 33494 17665 10813 31695 30874 10920 18066
17665 20839 34005 33765 33081 21461 18066 11198 21413 12461
17665 34005 21461 33494 18528 33942 10920 20410 20143 20839
21461 18066 34005 7532 20143 17665 31695 19256 13612 18528
21461 18066 20839 10920 17665 11235 18528 31695 34005 11198
20839 21461 34005 17665 10920 31151 10813 11926 11198 20143
21461 11229 22466 20839 30874 33765 20410 31001 17665 28449
18066 11235 34005 17665 30168 14503 28473 20839 10813 31151
21461 17665 11229 16708 10920 2108 12461 15890 31695 18066
20839 17665 7532 11926 29298 30874 21461 12461 34005 865
21461 17665 31695 18066 11229 18528 11926 30874 2108 33694
17665 31695 21461 20839 20410 11229 18528 33204 10920 34005
20839 18066 21461 12461 26915 17665 34005 11229 11198 9495
12461 17665 20839 21461 31695 10920 11235 30874 12464 33494
21461 17665 20839 11229 33765 31151 18528 29298 14252 10920
10813 12461 20839 2108 21461 34005 11198 18528 33694 33765
17665 34005 10920 21461 18066 10813 11926 20839 30874 18528
31695 10920 14640 16128 20839 31151 7582 33308 33494 18237
21461 17665 14499 28449 21413 865 20839 20217 18528 7582
17665 21461 30874 20839 31695 34005 12461 18142 18449 31151
20839 31695 34005 18066 10813 18528 29298 19325 33494 33942
17665 31695 21461 20839 23149 18066 34005 12461 11926 18528
21461 18066 12461 17665 31695 10920 7507 33078 12562 17704
21461 10813 31695 18066 17665 12461 29298 33081 34005 33765
16128 790 11229 10813 20839 16471 21461 17665 31695 34005
20839 18528 17665 21461 28449 23149 29298 7507 30874 31695
21461 31695 17665 18066 10813 19804 20839 20143 26841 11922
12461 17665 21461 18066 20839 29298 18528 33078 10920 14252
17665 21461 20143 13472 31151 29196 17150 12461 20839 34005
17665 21461 34005 31695 20839 33494 17841 19013 865 12461
18066 17665 20839 31695 18528 21461 11235 11297 33942 2093
18528 865 17665 18066 33081 19934 10920 19325 34005 10837
18066 33765 15858 21461 29298 34005 12562 17665 11229 11297
21461 17665 10813 18528 18066 31695 17841 12461 33494 14503
21461 10920 18066 29298 31695 11229 10813 12461 33078 11235
18066 17665 10920 18528 33765 11229 16152 21461 10795 33747
31695 34005 33494 20143 31151 21461 11229 2108 20839 2624
21461 17665 31695 18066 18528 20839 10813 34005 12461 30874
17665 20839 21461 18528 7507 10920 18066 12461 18449 28449
21461 2108 16180 18066 10813 31695 11229 20839 2624 12195
18528 10813 28449 21461 33494 12461 31695 18449 5951 30168
17665 21461 33694 30874 18528 11229 34005 29298 31695 11922
34005 10813 21461 18528 33494 865 20839 12461 14519 33694
21461 20839 12461 34005 18066 10920 31695 17665 7532 10813
21461 17665 34005 33081 18066 12461 10813 12464 26841 31695
21461 20839 15858 11235 17665 11229 14252 10920 12461 17962
21461 17665 29298 20839 10813 14252 34005 33494 11297 33081
18066 17665 18528 33494 2108 20839 10920 30874 21461 12461
17665 20839 31695 10920 21461 10813 12461 34005 28449 19934
21461 18528 16180 19934 31695 20839 33942 26514 12461 33494
20839 21461 18528 33204 17665 11229 11926 34005 12461 31695
20839 17665 33765 18528 21461 31695 30874 29298 33991 13920
21461 11229 33081 17665 31695 7532 14252 1541 12461 33494
21461 20839 10920 31695 11229 17665 30874 33204 21413 33942
20839 21461 34005 30984 33942 30874 30698 17665 10813 12461
33204 30874 5341 18528 33494 10813 11229 11235 11198 17665
20839 17665 21461 30760 11235 16124 18066 11229 12461 33078
18528 10920 18066 32719 17665 33765 34005 21413 21461 31151
18162 20839 21461 26841 26514 18066 2108 12461 5060 10920
17665 21461 20839 34005 18066 10920 2624 12424 33942 12464
17665 21461 20839 34005 31695 13882 33694 16180 11810 10920
18528 31695 34005 10813 21461 17665 20839 18066 11235 11229
34005 21461 12461 13882 20410 12697 10920 30874 27055 17665
14472 24467 21461 20839 27525 1629 33204 12464 21875 3172
21461 17665 26841 20895 20839 11229 33765 33494 2108 28473
10920 18066 14252 21461 28449 20839 21413 7507 13116 18528
18528 31695 15858 21461 17665 11229 13882 16180 12461 18066
21461 34005 18528 17665 865 33765 10813 31151 33081 7582
21461 7519 20839 33694 17665 31695 10813 12461 2108 22466
21461 17665 34005 18528 7507 20839 10813 21413 33078 12461
21461 17665 10813 18528 33942 18066 28449 11198 31695 7507
21461 12461 18066 17665 11229 33494 20839 26841 30874 1202
17665 11235 34005 21461 20839 10813 12461 16016 11229 30168
14472 20839 30874 33494 20143 18066 33942 17665 17841 34005
20839 34005 17665 29298 21461 21413 11235 30760 33694 30874
21461 10813 17665 33204 20143 20839 10920 18528 31695 11229
17665 20839 18066 30874 11198 33765 12461 7532 21461 11229
17665 18066 26201 31695 10920 31151 7507 21461 2108 20839
17665 21461 18066 20839 13882 18528 34005 33765 31695 11229
20839 17665 7532 21461 18528 33334 12461 31151 33765 18066
21461 18528 20839 17665 2108 34005 10813 11235 33765 20143
10920 21461 20839 31695 16643 12461 11229 30874 19325 28449
21461 18528 17665 12461 33765 34005 11235 31695 30874 23149
17665 21461 31695 34005 10813 33942 30874 18528 26841 20839
30874 21461 10813 18528 33765 33081 31151 17665 20839 33942
21461 17665 865 33081 2108 20839 18528 30874 10813 31695
21461 33942 31695 34005 33081 24454 23674 30874 957 17665
21461 20839 12461 10813 34005 33942 11922 18066 14472 29298
21461 17665 31695 11229 30984 11198 33765 30874 16152 10813
31695 10813 33494 18066 33765 33081 30874 27107 19256 7582
10813 18528 18759 13882 21461 5341 17665 12461 7507 14472
21461 17665 34005 18528 31695 18066 10813 11922 20839 33494
21461 18528 11229 30874 20839 10813 33494 17884 11691 34005
17665 18528 21461 18066 31695 30874 20839 11198 20525 11235
21461 17665 18528 30874 18066 2108 33204 34005 10920 20525
20839 21461 17665 31695 20410 21413 11229 2108 18449 30176
17665 20839 21461 33765 11235 11229 21413 26841 7507 30343
21461 12461 20839 18066 17665 10813 33494 34005 33765 18528
