18005 37301 57027 58151 36137 53675 57227 18735 58644 35359
31954 37301 46337 31019 23747 36137 58644 35273 50487 54614
37301 58644 31954 54614 28421 18735 58042 35359 24456 57227
40245 36137 15281 37301 20883 54614 30319 20400 3536 31954
30319 36137 37301 18842 21087 50487 18735 36285 24456 12588
31954 18005 24456 30319 36137 37301 58502 18195 37200 39082
37301 31954 36137 53152 53675 58151 39082 18742 18678 20400
30319 37301 3819 18735 44737 18742 20883 58644 36137 21087
57027 58151 18678 54614 30319 50487 53152 20841 37301 18005
31019 30319 36137 58644 50487 37301 58151 54614 18678 53152
37301 36137 58502 18005 20883 34940 53152 3536 30319 12547
37301 18678 58151 50487 57027 23917 1538 1540 54614 36137
37301 18735 54614 40245 28421 20883 35273 31954 13580 53152
31019 37301 31954 30319 20883 3536 36137 18735 58151 18742
58644 54614 21087 31019 58151 36137 19899 50487 30319 18005
30319 36137 58502 37301 22047 58151 53369 54614 31019 18842
30319 46337 36137 37301 18005 37200 50487 23747 53675 58493
18678 37301 30319 53152 36137 14651 50487 54614 35049 58151
30319 18005 54614 50487 37301 31019 18678 58644 30646 58151
18005 18195 30319 37200 24117 34940 31019 58644 58493 49118
37301 30319 18005 18195 12547 57692 18735 58151 57027 36137
58151 57027 37301 54614 807 30319 46707 35359 58644 50487
36137 30319 27295 57692 18195 31019 37301 58614 18005 57022
30319 18195 36137 58644 49118 31019 34940 37301 12657 31954
57027 37301 15689 58151 47631 18735 54614 34229 22047 36137
31954 37301 54614 18005 53675 20883 30319 58644 6665 24117
31019 30319 37301 24753 36137 18005 46337 54614 12547 12588
30319 37301 36137 58644 50487 58151 31954 31019 18678 57027
30319 18195 18005 37301 36137 58644 37200 54614 31954 20883
37301 36137 18678 57227 53152 58151 31954 18842 50487 18735
37301 36137 54614 19899 20883 19894 53152 36285 21087 46337
18678 14651 58151 30319 50487 37301 36137 54614 58502 18842
53675 31954 18005 30319 58151 37301 20883 3536 48665 20400
37301 57692 31954 20883 12588 53152 30319 27295 19894 18735
30319 18195 34940 37301 37200 31954 57692 18005 12547 20883
30319 31954 47804 37301 10062 54614 36137 18678 53152 50487
30319 31019 18005 18735 58644 39082 58502 36137 3536 33392
31019 31954 58644 54614 18005 30319 58502 50487 37301 34940
37301 34559 31954 20883 26760 31772 54614 58644 53152 36137
46337 21087 23747 37301 58644 19899 30319 50754 19894 54614
31954 58644 30319 18195 37301 58042 3536 20883 12588 36137
58644 37301 36137 58151 18005 30319 50487 18735 18678 57227
58644 54614 58042 31019 37301 53675 31954 18735 30319 36137
30319 31019 58644 18005 37301 36137 58042 18742 31954 54614
37301 31019 46337 52290 30319 36137 19894 54614 23747 18735
58644 31954 58042 37301 21087 30319 31019 53675 53152 58502
37301 31019 30319 58644 31954 18195 18735 18005 53152 58042
50487 58644 30319 31954 37301 28486 18005 4120 37200 18678
30319 31954 18678 54614 22047 36137 57692 37301 57027 52953
18195 34940 49118 18005 37301 31954 30319 57692 54614 53675
