18528 10813 18066 31188 33765 1541 33081 29298 20895 11926
17665 21461 34005 18528 33765 11229 33694 33494 20839 23149
17665 20410 11229 10813 12464 33204 20839 2108 5463 18759
17665 20839 21461 12461 11229 33204 2108 22466 10920 19256
21461 18066 11229 33765 29298 31695 12461 30343 33204 20839
17665 33765 21461 18066 11922 10813 33081 20839 2682 5341
21461 12464 10920 12461 2108 20143 20839 16152 18528 26841
14252 31695 10813 13882 31151 14472 33942 33765 30343 33494
33765 20839 20410 11198 21461 17841 8822 31695 17835 11926
21461 29298 26841 11235 2108 31151 14033 27607 11198 17665
33765 21461 20839 18066 33081 10813 28473 10353 2093 11235
20839 21461 10813 2108 12461 18449 33494 7639 14640 20217
20839 18528 18066 33991 31695 3939 2108 21461 17665 30343
21461 20839 31695 34005 18066 19325 33765 31151 10813 17665
31695 21461 10813 34005 22466 30874 11297 19896 33081 12461
21461 17665 20839 33081 34005 18066 11235 11229 10920 7532
20839 23674 31695 24454 21461 2108 17665 12461 30874 11922
17665 18066 30874 21461 34005 31695 11922 11229 16745 33942
18528 26841 34005 14252 20410 33081 15803 29298 7250 33765
34005 21461 17665 10813 18066 18528 12424 28449 20509 20839
21461 18066 10920 31151 5060 20839 12461 34005 31695 19934
18528 10920 33765 2624 20839 11229 34005 11810 12461 21413
17665 18066 20895 31695 20143 33494 11229 10920 2108 16708
33494 28449 7519 14640 20922 11229 21461 30176 18528 10813
18066 18528 31695 20839 17665 21413 14033 26841 33942 10920
20839 21461 17665 12851 10920 33204 19013 11235 11229 27005
17665 10813 28449 30874 20143 10920 31695 11922 21461 5245
21461 33765 18066 17665 2108 30874 31695 11198 13116 19770
31695 17665 20839 13612 11235 12461 33494 10920 28473 21461
17665 21461 31695 33765 30874 34005 11922 18528 33942 20839
10920 21461 34005 2108 18528 31695 7507 10813 12461 18066
17665 31695 11235 28473 12461 14503 11229 5686 21461 7532
10813 26514 18066 18528 11235 13882 2773 17665 33078 20525
34005 12461 17665 13472 7639 12562 10920 11922 30957 18066
21461 31695 16180 33694 18066 30874 17665 21413 18528 20217
21461 33494 865 10813 28449 23149 34005 22466 18066 31695
17665 20839 21461 34005 33942 7532 18528 10920 14640 18066
5463 21461 20410 34005 29298 20839 11235 957 30874 3140
20839 10920 30874 10813 14472 17665 16180 33494 5355 21461
18066 31695 17665 12461 34005 18528 10920 11235 2623 33204
28449 18528 865 34005 1165 10344 10813 3860 7507 2296
17665 34005 10920 18066 31695 20143 18528 3626 17841 28449
21461 18528 21413 10813 34005 31151 10920 33765 11922 20839
21461 33765 17665 11926 31695 11229 33078 20393 11198 11297
17665 18066 21461 20839 33694 12461 11297 30874 11235 15898
21461 19934 10813 20839 12461 31695 11198 27306 19325 30168
21461 18528 11229 770 9427 33765 31151 10813 33494 1629
16709 21461 18528 34005 11922 31695 29298 20839 27274 13882
23149 21461 11198 4542 13612 20839 33765 16124 20143 11229
10813 10920 865 33204 11235 30874 21413 14472 21461 20247
20839 21413 17665 21461 16152 3055 33934 11229 19934 18528
21461 31695 17665 12461 29165 11810 11297 33494 33694 33081
16128 10920 26841 20839 790 10813 12464 21461 12461 33494
21461 34005 16180 31695 21868 8853 29196 8841 11922 14521
20839 21461 18528 31695 10813 17665 34005 31151 7507 11229
20839 31151 26841 17665 14033 11922 18066 2623 13426 34005
27309 18066 31695 10920 17665 12562 6055 28473 33934 21461
21461 17665 28449 10920 18528 26201 33494 29298 11922 34005
21461 17665 31695 20067 34005 11229 5056 30874 18066 2624
31695 20839 26841 17665 21461 33204 11922 11229 22466 19256
12195 21461 31695 12461 20839 9495 14503 2108 26841 11810
20839 17665 21461 33765 31695 33204 30957 11297 21413 33991
33494 12461 10813 19934 30874 20143 14252 28204 11922 17665
21461 17665 2108 18449 12461 34005 31151 7519 21413 30168
17665 34005 21461 18974 30874 18528 10920 26841 12464 2108
33765 20839 11229 11198 20358 23149 12461 18528 5463 19934
20839 18528 16471 33494 18357 17665 33694 17753 4455 20217
33765 21461 11229 17665 2108 30874 30343 865 11235 2093
18066 17665 19013 20839 18449 20143 29298 12464 21461 10920
21461 14236 33334 33942 11926 10920 31695 10813 31151 11503
34005 18528 33942 17665 11235 27838 21461 13882 33765 18066
21461 17665 16643 10813 10920 33694 11229 7582 30874 34005
21461 17665 18066 31695 18528 11235 11922 12461 20839 24454
20143 24467 18066 21461 7507 10813 10920 17665 33942 28449
20839 18528 21461 4407 17665 33204 34005 30874 33494 33765
11229 33204 21461 31151 12461 23149 849 34005 20410 19934
21461 20839 17665 12461 11198 17528 3342 18528 12464 30874
21461 18528 34005 17665 20839 29298 11229 22280 12562 33694
21461 18162 26841 7507 17665 28449 33694 33494 3922 20143
31151 17665 29298 11198 19491 10813 13882 34005 12315 28204
18066 17665 20839 26841 11926 21461 12461 12562 31151 11229
23655 17665 18528 15858 21461 34005 29298 33942 3055 31695
20839 21461 33765 29298 31695 34005 26841 7507 17665 19804
18066 21461 20839 17665 34005 20143 30874 12461 18528 33942
33694 12461 29298 18528 12697 31695 10813 20839 34005 11235
21461 12461 17665 29298 21413 33934 10920 10813 30760 18528
13882 11229 33694 865 12461 20525 16745 16709 18528 19770
24413 11229 31695 10813 18528 31151 12461 7507 19256 17665
21461 17665 34005 10920 18528 20143 20839 33494 31151 11229
33765 11235 20410 17665 11198 18066 33081 20839 12562 31151
17665 20839 12461 11229 21461 33765 11922 10813 31151 11926
20839 18528 14472 9495 21461 957 10920 20410 33765 10813
10920 2108 27891 34005 15858 17665 33081 12461 20839 12464
17665 20839 13920 11198 18142 11235 21461 7532 14252 18528
18528 21461 7582 33494 20839 29298 26514 34005 23149 12195
17665 18066 20839 16088 12461 7532 18528 31695 30168 34005
30874 18066 12461 17962 31695 11198 20839 17665 21461 20834
17665 10813 18528 12461 28449 30874 33204 26568 16152 21461
21461 20839 23149 10920 17665 30874 33991 865 12461 34005
31695 18066 17665 21461 957 19256 33494 25138 33694 34005
