17665 21461 10920 20839 12461 34005 31695 11229 12562 19325
16128 790 21461 17665 18528 18066 15858 10920 11297 13860
17665 20839 21461 34005 30874 10920 31695 33694 18528 17841
21461 33765 18528 20607 11922 20839 17665 10920 2108 4366
21461 17665 18066 10813 16180 20839 12461 33494 13882 29196
21461 10920 17665 18066 34005 18528 12464 865 12461 10813
21461 20839 31695 18528 12461 17665 34005 18066 33694 10813
21461 20839 10813 31695 34005 17665 18528 11229 18066 10920
21461 20839 18528 17665 12461 31695 34005 33765 2108 31151
18066 21461 17665 12461 18528 34005 2108 10920 30874 33494
20839 17665 30874 10813 21461 18066 12461 31695 18528 11926
17665 34005 21461 18528 20839 11229 33694 18066 33204 14559
10813 17665 18066 18528 21461 11229 12461 865 11235 2108
21461 31695 34005 17665 33942 10813 28449 10920 17841 18066
17665 31695 20839 18528 21461 33765 34005 30874 18066 11198
21461 20839 10813 31695 10920 33765 17665 18528 12461 16778
18066 31695 17665 10813 20839 18528 30168 7532 14252 7507
17665 31695 30874 21461 11229 33765 10813 13882 34005 20839
21461 10813 20839 18066 11229 7507 17665 2108 31695 33494
21461 17665 31695 18066 34005 30874 20839 16152 28449 20143
21461 34005 17665 18066 10920 20839 18528 19896 31695 26841
17665 18066 21461 20839 31695 11229 2108 34005 31151 33765
17665 21461 20839 18528 12461 11229 18066 30168 34005 31695
18066 17665 21461 20839 12461 11235 11229 5245 11198 31695
17665 34005 21461 20839 18528 18066 11229 2108 10813 12461
21461 17665 10813 29298 34005 10920 20839 12461 31695 33081
21461 20839 3005 29298 12461 31695 10344 10813 18449 17665
18066 21461 17665 34005 20839 18528 12562 10813 33494 31151
21461 20839 17665 2108 12461 18528 31695 31151 16152 23149
21461 20839 34005 18066 11229 18528 15890 20143 10920 3626
21461 17665 18066 20839 31695 34005 26841 18528 11235 33942
21461 17665 10920 31695 18528 33494 20839 2108 33204 11229
20839 21461 17665 31695 10167 11229 18528 17841 10920 33991
17665 18528 18066 21461 11229 12461 10920 20839 33494 20143
17665 21461 20839 18528 29298 31695 33765 12461 13882 11922
21461 10920 31695 18528 10813 3055 20839 12461 30874 18066
21461 17665 18528 12461 18066 11229 33204 11235 20839 30874
20067 34005 20839 17665 18066 30874 21461 11198 28449 31695
21461 34005 20839 17665 2108 18066 18528 16088 12461 11926
21461 17665 31695 10920 34005 10813 18066 20839 18528 30874
17665 20839 31695 21461 18528 34005 21413 33494 12461 11229
17665 20839 18066 21461 31695 33081 10813 12461 34005 11229
21461 11229 18066 20839 34005 12464 30874 31695 17665 20143
20839 17665 21461 12461 10813 31695 18066 18528 10920 34005
21461 17665 34005 31695 20839 18528 28449 33694 18066 10920
17665 21461 18528 31695 34005 20839 11235 33494 11810 7532
21461 18528 10813 20839 11229 26841 17665 31695 18066 14252
17665 21461 30874 31695 34005 7250 3626 10813 18528 33765
21461 17665 18528 31695 10920 20839 34005 11229 33765 18066
21461 13612 18528 20839 11235 18066 4523 31695 17665 30874
21461 18066 31695 17665 12461 11229 23149 20839 10920 13882
21461 17665 20839 31695 30168 12461 11229 18066 31151 34005
17665 21461 20839 18528 34005 30874 26841 18066 31695 33765
21461 17665 20839 18528 10920 10813 1663 34005 12461 33765
20839 21461 17665 18528 34005 10813 11235 31695 2108 11229
21461 20839 30874 33942 3342 31695 10813 17528 17665 18066
21461 17665 34005 20839 18528 10813 33765 2624 12461 29298
21461 18066 11229 17665 18528 31695 33494 20839 30874 13882
21461 17665 18066 31695 18528 11229 12461 24467 20839 865
17665 21461 20839 34005 11229 31695 19491 18528 33765 30874
20839 21461 12461 18528 28449 11229 22466 31151 10920 31695
20839 17665 11229 31695 34005 21461 30874 18066 33765 12461
10813 17665 20839 34005 21461 18528 18066 31695 14640 29298
21461 18066 20839 34005 14252 18528 10813 27055 12461 19013
20839 21461 10920 18066 17665 18528 34005 10813 31695 31151
21461 11229 20839 31695 29298 10813 17665 12461 33765 20143
21461 31695 18528 10813 17665 20839 12461 19934 2108 34005
21461 30343 17665 20839 18528 31151 10920 11235 2108 12562
17665 10813 12461 21461 20839 31695 18066 34005 11235 18528
16643 20839 18066 17665 21461 13920 10920 2108 12461 15858
17665 21461 18066 34005 10813 20839 27838 18528 31695 11297
17665 21461 20839 18066 33765 33204 31695 12461 18237 2108
21461 17665 19804 26201 33765 20839 14252 12461 20143 20525
17665 20839 21461 31695 10920 18066 18528 33494 33765 10813
21461 20839 12461 30874 17665 34005 33765 18066 33494 31695
21461 12461 17665 20839 4596 2108 33765 15914 21413 33942
21461 17665 20839 12461 18528 18066 11926 30874 12464 10813
21461 17665 18528 20839 18066 28449 31695 30874 7582 2108
21461 18528 17665 20839 11229 31151 865 11297 31695 18066
21461 17665 20839 12461 26841 31695 34005 14472 30874 18528
21461 34005 17665 20839 10813 11229 33694 31695 12461 31431
21461 10920 10813 34005 17665 4455 31695 20839 12461 14472
21461 10813 17665 34005 18066 18528 31695 12461 2108 33942
17665 21461 10920 18528 31695 10813 18066 20839 33078 7639
21461 11229 20839 18066 17665 31695 12461 33494 31151 18528
21461 18528 17665 11235 13472 34005 20839 33494 17150 33765
21461 20839 18066 34005 10920 10813 17665 18528 31695 12461
21461 18528 17665 31695 33765 34005 33942 20839 33204 10920
21461 20839 11229 17665 33765 30874 31695 10813 33081 26841
21461 17665 18066 31695 20839 33765 34005 33081 14499 12461
33494 17665 18528 18066 11235 34005 21461 12461 20839 28449
10920 21461 10813 18066 31695 34005 17665 33494 7507 13882
20839 17665 34005 31695 14472 30874 26841 12461 10813 33991
17665 21461 20839 2108 30874 28449 33942 12461 33494 10920
17665 20839 33494 18528 21461 31695 34005 12461 18066 31188
17665 16471 18066 10813 21461 18357 20839 34005 12461 10920
17665 21461 34005 20839 31695 10920 29298 18066 12461 30874
21461 34005 17665 31695 18066 18528 20839 12461 11235 21413
33334 14236 10920 11503 31151 26514 18528 21461 30437 33942
21461 17665 18528 20839 33765 12461 18066 20143 31151 2108
