58644 54614 58502 36137 30646 19899 37200 37301 31954 23456
807 46707 57027 22047 37301 36137 18678 23456 40917 1540
30319 31019 18005 9098 37301 20883 27317 36137 31954 53152
30319 18005 36137 18195 53152 57027 58151 37301 37200 24117
18195 18005 30319 58644 31019 37301 6184 24117 34940 37200
57027 50487 58151 18678 30319 58644 58502 54614 18842 18631
18005 57692 31954 24456 20883 34559 18195 23456 57022 37301
31954 57692 58042 30319 18005 49118 31019 18742 34940 58644
58151 31954 18005 58644 30319 37301 50487 57027 24117 39953
37301 20883 27340 53152 36137 30319 54614 36285 18735 19899
37301 28421 40245 31954 47078 54614 58502 18195 58042 49118
30319 37301 31954 58644 18005 31019 53152 58502 21087 5101
18678 30319 36137 14651 50487 37301 54614 18005 58644 58151
37301 30319 31954 58151 18842 18735 31019 18678 30633 36137
31954 31019 37301 1365 18005 36137 54614 34940 18742 57692
18195 34940 19691 37301 30319 18742 12547 20887 54614 58644
18005 58644 30319 37301 54614 18735 31954 8917 22047 37200
53675 48665 55843 31019 12547 46337 49118 39082 34940 58042
37301 18005 30319 58151 58042 18742 24117 24753 31954 32825
37301 30319 50487 57027 58644 58502 18005 39082 58151 37200
15689 1209 18735 36137 47631 49325 11656 39953 58151 54614
37301 30319 36137 31954 58644 22047 57227 54614 58502 39082
31954 37301 35273 30319 18005 24101 58644 18742 19899 53152
30319 31019 37301 58644 54614 36137 18195 40245 31954 20887
37301 18735 58042 24456 58502 57692 15689 37200 54614 52290
36137 31954 54614 37301 20883 30319 58644 31019 58042 18735
18678 30319 36137 58050 53152 58151 37301 58502 50472 31019
36233 18735 34559 37301 20883 36137 19899 30319 35359 3536
37301 30319 54614 34940 18195 46337 24117 36137 53152 57692
37301 31019 31954 30319 57692 54614 18678 58502 53152 18005
31019 36137 37301 31954 58644 37200 58614 53152 33237 57022
37301 30319 37200 18005 53152 58644 20883 36137 19899 24117
58151 36137 7690 53152 20883 40245 30319 58644 37301 18678
37301 54614 30319 37200 31019 58493 50487 53675 18195 39082
18005 30319 18195 49118 37301 58644 31019 31954 34940 58042
37301 54614 53675 18735 20883 20887 30646 18195 30719 31019
36137 31954 58644 37200 58614 53152 24456 58493 37301 18005
37301 31954 30319 31019 18735 26760 50487 58502 53675 58151
54614 31954 58644 24456 37301 52953 37200 35359 52290 58151
37301 54614 20400 57027 18735 34559 53369 31954 20883 23456
37301 18678 54614 30319 53675 36137 58151 53369 18005 49118
30319 31019 36137 37301 20883 57227 54614 19894 19899 58644
37301 18678 30319 36137 20883 54614 57027 18195 33392 58644
37301 36137 20883 27340 18005 58644 1365 30319 57386 58502
30319 37301 18195 37200 38662 55851 58644 54614 36137 12657
27253 37301 18005 57692 54614 30319 18195 53152 12547 58644
31954 30319 36137 58151 58644 37301 18742 9304 53152 19894
18678 35049 14031 37301 14651 50003 18690 30319 50487 58644
36137 37301 30319 18735 20883 18005 57227 53152 18195 23456
37301 54614 30319 31954 31019 53152 58644 36137 21087 18005
58644 19894 37301 54614 58151 21087 18735 30319 31954 19899
37301 30319 36137 31954 54614 58644 50487 20883 58042 51918
37301 31019 58644 57692 54614 58042 24456 58502 26639 19899
14651 18678 30319 3819 35332 44737 37301 58151 50487 19329
37301 31954 30319 58644 34559 57692 27295 24753 54614 18195
30319 37301 19894 18005 54614 31019 34940 26760 18742 18735
57027 58151 37301 31019 2551 36137 54614 49025 20841 30319
37301 18742 20883 15815 40245 53152 21357 30319 20887 53675
30319 58644 20883 31019 24117 53675 18742 57692 3536 21087
36137 18735 30319 39082 58151 52953 37301 30719 35359 18742
33814 37301 18735 47804 18195 54614 58502 20883 36137 12547
46337 23747 37301 50755 30319 52280 54614 31019 36137 50754
46337 37301 20841 7690 58151 30319 3536 20883 22002 18735
37301 31019 30319 54614 36137 58644 57027 52953 18842 31954
30319 18005 58502 18678 36137 50487 37301 31019 53675 21087
30319 31019 18678 54614 37301 57692 48260 24117 37200 3536
53675 30319 18195 18735 36137 37301 18742 31954 24456 49118
30319 31019 54614 24753 34940 58042 18005 12547 58644 32426
58644 37301 30319 37200 18735 33392 28486 12547 58050 31954
36137 18678 31954 1365 18005 58644 30319 5329 37301 47130
30319 36137 27295 37301 20883 12568 20887 23456 57227 18005
58644 30319 50487 35049 37301 53152 21087 18005 31954 53675
5839 37301 18735 54614 18678 40245 57692 58151 50487 30646
58644 31019 20883 50487 31954 36137 46337 23747 53152 3536
37301 30319 37200 20883 18195 58644 34940 31019 12547 53152
41088 58644 37301 30319 31954 36137 58502 31019 18842 37200
36137 9304 58614 18195 53675 31954 18005 18742 57692 58151
58151 50487 57027 37301 31954 54614 18842 36137 49305 39082
54614 30319 20883 18195 37301 18005 57692 18735 34940 21357
18005 58644 31954 34940 30319 24456 18195 58042 21087 57692
57027 37301 58151 53152 30646 34940 54614 22047 3536 31019
58644 36137 30319 18678 58151 18005 37301 4443 31954 58042
30319 36137 46337 18842 58502 58644 58493 50487 37301 23747
58151 57027 37301 30319 31954 20883 57227 18195 18005 57692
40245 31954 35273 13580 58644 54614 37301 11680 15281 12657
37301 31954 54614 53152 50487 30646 23456 4442 36137 20400
31954 58151 37301 36137 58644 31019 54614 18005 30319 12657
30319 36137 58151 31954 58644 34940 53152 58502 9304 30646
30319 58644 31954 37301 32524 18195 36137 50487 20883 31019
18195 54614 30319 37301 22047 58502 18735 31954 36137 58644
31019 58644 17975 37301 21087 58042 45779 31954 18742 6184
52290 50487 37301 19331 18005 30319 31954 58644 54292 9682
18195 49118 31954 31019 34940 57027 18005 58042 58644 37200
30319 31954 58151 37301 12588 54614 18195 9634 53675 21087
20883 36137 37301 58151 53152 31019 3536 30319 58502 31954
31954 53675 58644 37301 54614 20400 3873 11680 40245 37485
28421 57692 31954 36137 13580 18005 18735 30319 21357 24117
46337 23747 19899 37301 21087 53152 19894 31019 30319 54614
31019 37301 18735 30319 36137 35359 58644 58151 19894 18005
30319 36137 58644 57692 58042 37301 31019 54614 31954 53152
