34005 10813 17665 16163 20839 17542 10920 18528 12461 2108
21461 20839 12461 18528 33942 11235 2108 33494 18066 11229
21461 20839 17665 3055 4596 12461 33081 34005 33991 11922
31695 19503 11229 33942 17841 20839 29298 30168 19256 12697
17665 21461 18066 10813 33765 10920 20839 18528 865 34005
17665 20839 31695 2108 33765 21413 21461 11235 7532 11229
21461 17665 20839 18528 18066 34005 31695 14252 2108 11229
21461 12461 18066 28473 17665 10920 20525 34005 5463 6342
10813 14252 865 20839 17665 33942 33702 30868 34005 33494
34005 21461 17665 20143 20839 11198 26514 12461 28473 1663
21461 17665 30343 20143 18528 33694 34005 18066 31695 31151
11229 17665 21461 20839 12461 2108 31151 21413 10813 33942
21461 33765 11198 11229 29298 33494 33747 20839 30343 28449
20839 18528 11198 17665 29298 21461 31695 10813 34005 2624
10813 21461 31695 20839 12461 17665 11297 21413 7532 17841
21461 17665 10920 31695 20839 18528 34005 20143 18066 11926
21461 18528 20839 17665 31695 18066 10813 30874 14472 12461
10920 21461 18066 22466 28449 20839 17665 34005 12461 31695
20839 21461 31695 12464 18066 34005 11229 20410 11926 13882
17665 18066 21461 20839 34005 31695 33694 30874 11297 11229
10813 33494 21461 11235 31695 2108 17665 10920 14472 20839
21461 20839 17665 10920 11229 33204 865 18066 10813 33081
7532 18528 18066 14640 20839 11198 21461 20143 17665 34005
31695 10813 20839 26841 34142 30874 11922 19256 22466 31151
20839 18528 21461 34005 18066 10920 10813 865 17528 26841
17665 21461 18528 29298 18162 11922 18066 11235 11229 20839
21461 28449 17665 10920 12461 21413 33694 14519 30874 11297
17665 31695 18528 21461 12461 18066 13882 34005 10920 29298
21461 20839 31151 18528 34005 12461 17665 10920 31695 16152
26841 18528 21461 14033 17665 34005 16163 26514 18066 11235
31695 18066 12562 34005 17665 30874 20839 20143 11229 29298
31695 21461 18066 10813 17665 20839 10920 18528 12461 33765
21461 18528 34005 20839 17665 33694 33204 11198 15858 10813
21461 20839 10813 17841 33942 26841 17665 30874 18528 18066
21461 17665 31695 18066 2108 33694 12461 26841 31151 18528
10813 20839 21461 26841 14033 2108 9495 28449 865 17665
18528 33765 21461 865 33081 11235 27306 14503 17665 31151
17665 21461 2108 21413 12461 20839 33494 28449 18528 14640
31151 31695 20839 13116 21461 17665 18066 21413 10813 19597
17665 31695 12461 33494 21461 33765 3626 18449 20839 18066
17665 12461 10920 33081 11235 21461 34005 31695 18066 14252
17665 20839 18066 22643 21461 20410 34005 33204 11229 11198
21461 11926 18066 11229 33942 34005 20839 29298 31695 11235
21461 12461 20839 18066 10813 33494 30874 33942 17665 29298
17665 21461 19804 18066 11229 19013 12461 18528 10813 33694
16128 21461 18528 790 15858 17665 20839 11235 18066 33694
31695 21461 10813 11926 12461 12195 20839 33694 16180 34005
26201 10920 20895 17665 2296 18066 11297 20143 16745 18528
17665 21461 31695 18066 30874 12461 33494 16180 33765 18528
21461 18066 31695 31151 29298 33694 7250 34005 11229 33494
21461 31695 10813 10920 11229 20839 11235 12697 12461 3922
20839 12461 31695 21461 31151 4523 21413 18066 12711 11229
17665 18528 2108 20839 31695 11229 13882 20410 23149 30874
21461 17665 10813 14252 34005 18066 31695 13882 2108 11198
17665 21461 20839 34005 11229 18528 31695 33765 10813 11926
17665 11235 7519 20839 10837 18066 30874 16152 5245 25977
20839 33081 18528 33942 10813 17665 12464 12461 21461 30984
20839 17665 18066 11235 34005 11198 16745 20143 20217 21461
21461 11235 30874 18066 2773 17665 33204 10344 10920 865
20839 18528 21461 34005 18759 31151 33765 31695 10920 12461
17665 18066 21461 34005 20839 18528 33494 12461 26841 865
18528 17665 31151 12562 20839 865 33081 33765 21461 31695
20839 17665 31695 21461 12461 34005 2108 23149 30874 26841
11229 17665 16471 10813 23149 17753 30874 11235 33494 18528
17665 21461 18528 20839 34005 30874 33494 18066 13882 20410
21461 11229 17665 2108 33942 32808 20839 10920 2624 20137
21461 20839 17665 18528 11198 11229 29298 31695 10920 11810
31695 17665 16088 11198 10920 31151 33765 20839 12461 33942
20839 21461 17665 10167 33204 18528 31151 20525 31695 10920
21461 17665 12461 34005 18528 31695 3626 30874 33494 15858
31695 10920 18066 21461 17665 12461 11229 5193 30874 26841
21461 17665 20839 12461 31151 33494 18066 33765 11235 30874
21461 31151 17665 10920 14252 21413 10813 20839 12461 11229
21461 20839 34005 17665 12461 30760 18528 7532 23149 10813
33334 30984 21461 14236 18528 11503 12461 20839 31151 18066
17665 21461 18066 34005 20839 33765 5463 11235 33494 5245
17665 34005 21461 31695 18528 12464 33078 18066 11229 20839
17665 12461 18066 21461 2108 20839 18528 31695 10920 19934
17665 18066 18528 20839 21461 12461 19934 18118 31695 34005
13920 5060 11235 15858 20839 21461 18528 30168 13882 12461
31695 17665 11926 33942 28449 2624 21461 34005 30874 18528
18528 11235 20839 7507 21461 18066 2108 11922 7639 2624
18528 30874 20143 21461 10920 11229 30343 17665 12464 20839
17665 10920 20839 33765 21461 18066 11229 865 33755 31695
17665 31695 29298 10920 34005 10813 20839 18066 11229 18528
31695 30874 21461 28449 16180 12461 2624 23149 21413 33081
21461 7519 30874 17665 18528 15858 20839 34005 21413 11922
26841 21461 18066 34005 17665 20143 31695 12461 10920 20839
31695 33765 21461 34005 12461 20839 17665 7507 33081 31151
10920 24467 21461 34005 20410 14033 17665 26841 865 27525
15858 17665 18528 20839 11198 18066 33765 10813 31695 21413
21461 10920 17665 7507 10813 11229 34005 20839 33081 31695
21461 12461 20839 10813 11198 33204 29165 34005 11229 10920
21461 20839 34005 17665 19934 30760 3636 18528 33942 18066
21461 20839 18066 10920 30874 16643 17665 31695 34005 7532
18528 21461 20839 19325 31695 18066 14472 2623 34005 30874
17665 18528 21461 18066 12461 33494 22280 23149 31695 34005
17665 10813 20839 21461 18066 30874 33765 30176 18449 33694
21461 33694 34005 30874 11926 20839 11297 13882 31695 26841
17665 21461 20839 10813 18528 10920 11229 18066 33494 28449
